set N := 1 2 3 4 5 6 7 8 9 10 11 12 13 14 15 16 17 18 19 20 21 22 23 24 25 26 27 28 29 30 31 32 33 34 35 36 37 38 39 40 41 42 43 44 45 46 47 48 49 50 51 52 53 54 55 56 57 58 59 60 61 62 63 64 65 66 67 68 69 70 71 72 73 74 75 76 77 78 79 80;

param n := 4;

param y :=
1 -1
2 -1
3 -1
4 -1
5 -1
6 -1
7 -1
8 -1
9 1
10 -1
11 -1
12 -1
13 1
14 1
15 -1
16 -1
17 1
18 -1
19 -1
20 1
21 1
22 -1
23 1
24 -1
25 -1
26 -1
27 1
28 1
29 1
30 -1
31 -1
32 1
33 -1
34 -1
35 1
36 1
37 1
38 1
39 -1
40 -1
41 -1
42 1
43 -1
44 1
45 1
46 1
47 1
48 1
49 -1
50 1
51 -1
52 1
53 1
54 1
55 1
56 1
57 1
58 -1
59 1
60 1
61 -1
62 1
63 -1
64 -1
65 1
66 1
67 -1
68 1
69 1
70 1
71 1
72 -1
73 -1
74 1
75 -1
76 1
77 -1
78 -1
79 -1
80 1
;

param X :
1 2 3 4 :=
1 0.275000 0.046000 0.993000 0.080000
2 0.080000 0.281000 0.448000 0.498000
3 0.016000 0.275000 0.971000 0.221000
4 0.256000 0.363000 0.272000 0.416000
5 0.303000 0.461000 0.451000 0.285000
6 0.822000 0.965000 0.392000 0.374000
7 0.477000 0.648000 0.016000 0.470000
8 0.164000 0.550000 0.009000 0.612000
9 0.903000 0.628000 0.323000 0.874000
10 0.739000 0.131000 0.213000 0.011000
11 0.469000 0.314000 0.008000 0.920000
12 0.084000 0.742000 0.564000 0.476000
13 0.534000 0.953000 0.764000 0.550000
14 0.492000 0.714000 0.973000 0.501000
15 0.021000 0.404000 0.955000 0.344000
16 0.804000 0.083000 0.409000 0.016000
17 0.956000 0.485000 0.408000 0.963000
18 0.007000 0.047000 0.147000 0.572000
19 0.263000 0.106000 0.477000 0.027000
20 0.900000 0.519000 0.370000 0.873000
21 0.697000 0.894000 0.424000 0.651000
22 0.703000 0.455000 0.321000 0.112000
23 0.415000 0.067000 0.957000 0.823000
24 0.363000 0.830000 0.078000 0.510000
25 0.601000 0.773000 0.507000 0.078000
26 0.163000 0.978000 0.318000 0.534000
27 0.338000 0.230000 0.745000 0.762000
28 0.983000 0.465000 0.337000 0.304000
29 0.809000 0.718000 0.644000 0.766000
30 0.675000 0.128000 0.371000 0.753000
31 0.772000 0.354000 0.411000 0.279000
32 0.210000 0.442000 0.410000 0.528000
33 0.261000 0.866000 0.206000 0.005000
34 0.088000 0.988000 0.094000 0.425000
35 0.670000 0.233000 0.010000 0.315000
36 0.551000 0.990000 0.127000 0.922000
37 0.765000 0.694000 0.097000 0.176000
38 0.529000 0.386000 0.415000 0.939000
39 0.391000 0.200000 0.780000 0.597000
40 0.408000 0.685000 0.194000 0.502000
41 0.485000 0.173000 0.343000 0.495000
42 0.342000 0.046000 0.477000 0.469000
43 0.220000 0.234000 0.662000 0.317000
44 0.635000 0.846000 0.795000 0.050000
45 0.709000 0.440000 0.985000 0.489000
46 0.190000 0.897000 0.722000 0.384000
47 0.832000 0.869000 0.572000 0.175000
48 0.059000 0.516000 0.411000 0.536000
49 0.379000 0.755000 0.219000 0.040000
50 0.629000 0.675000 0.918000 0.424000
51 0.703000 0.133000 0.165000 0.688000
52 0.202000 0.878000 0.519000 0.925000
53 0.918000 0.756000 0.131000 0.490000
54 0.495000 0.549000 0.447000 0.906000
55 0.433000 0.284000 0.840000 0.652000
56 0.912000 0.281000 0.999000 0.830000
57 0.724000 0.532000 0.838000 0.889000
58 0.460000 0.091000 0.098000 0.979000
59 0.360000 0.897000 0.772000 0.491000
60 0.703000 0.986000 0.936000 0.151000
61 0.020000 0.583000 0.177000 0.861000
62 0.501000 0.773000 0.516000 0.501000
63 0.221000 0.225000 0.135000 0.058000
64 0.355000 0.518000 0.205000 0.453000
65 0.221000 0.813000 0.393000 0.994000
66 0.780000 0.697000 0.291000 0.715000
67 0.183000 0.736000 0.431000 0.360000
68 0.667000 0.861000 0.369000 0.183000
69 0.971000 0.403000 0.587000 0.106000
70 0.700000 0.461000 0.979000 0.906000
71 0.476000 0.127000 0.728000 0.869000
72 0.032000 0.649000 0.818000 0.324000
73 0.666000 0.507000 0.100000 0.098000
74 0.696000 0.764000 0.728000 0.065000
75 0.090000 0.037000 0.350000 0.677000
76 0.812000 0.377000 0.604000 0.791000
77 0.519000 0.267000 0.409000 0.246000
78 0.530000 0.279000 0.784000 0.348000
79 0.148000 0.014000 0.109000 0.248000
80 0.976000 0.945000 0.876000 0.704000
;

