set N := 1 2 3 4 5 6 7 8 9 10 11 12 13 14 15 16 17 18 19 20 21 22 23 24 25 26 27 28 29 30 31 32 33 34 35 36 37 38 39 40 41 42 43 44 45 46 47 48 49 50 51 52 53 54 55 56 57 58 59 60 61 62 63 64 65 66 67 68 69 70 71 72 73 74 75 76 77 78 79 80 81 82 83 84 85 86 87 88 89 90 91 92 93 94 95 96 97 98 99 100 101 102 103 104 105 106 107 108 109 110 111 112 113 114 115 116 117 118 119 120 121 122 123 124 125 126 127 128 129 130 131 132 133 134 135 136 137 138 139 140 141 142 143 144 145 146 147 148 149 150 151 152 153 154 155 156 157 158 159 160 161 162 163 164 165 166 167 168 169 170 171 172 173 174 175 176 177 178 179 180 181 182 183 184 185 186 187 188 189 190 191 192 193 194 195 196 197 198 199 200 201 202 203 204 205 206 207 208 209 210 211 212 213 214 215 216 217 218 219 220 221 222 223 224 225 226 227 228 229 230 231 232 233 234 235 236 237 238 239 240 241 242 243 244 245 246 247 248 249 250 251 252 253 254 255 256 257 258 259 260 261 262 263 264 265 266 267 268 269 270 271 272 273 274 275 276 277 278 279 280 281 282 283 284 285 286 287 288 289 290 291 292 293 294 295 296 297 298 299 300 301 302 303 304 305 306 307 308 309 310 311 312 313 314 315 316 317 318 319 320 321 322 323 324 325 326 327 328 329 330 331 332 333 334 335 336 337 338 339 340 341 342 343 344 345 346 347 348 349 350 351 352 353 354 355 356 357 358 359 360 361 362 363 364 365 366 367 368 369 370 371 372 373 374 375 376 377 378 379 380 381 382 383 384 385 386 387 388 389 390 391 392 393 394 395 396 397 398 399 400 401 402 403 404 405 406 407 408 409 410 411 412 413 414 415 416 417 418 419 420 421 422 423 424 425 426 427 428 429 430 431 432 433 434 435 436 437 438 439 440 441 442 443 444 445 446 447 448 449 450 451 452 453 454 455 456 457 458 459 460 461 462 463 464 465 466 467 468 469 470 471 472 473 474 475 476 477 478 479 480 481 482 483 484 485 486 487 488 489 490 491 492 493 494 495 496 497 498 499 500 501 502 503 504 505 506 507 508 509 510 511 512 513 514 515 516 517 518 519 520 521 522 523 524 525 526 527 528 529 530 531 532 533 534 535 536 537 538 539 540 541 542 543 544 545 546 547 548 549 550 551 552 553 554 555 556 557 558 559 560 561 562 563 564 565 566 567 568 569 570 571 572 573 574 575 576 577 578 579 580 581 582 583 584 585 586 587 588 589 590 591 592 593 594 595 596 597 598 599 600 601 602 603 604 605 606 607 608 609 610 611 612 613 614 615 616 617 618 619 620 621 622 623 624 625 626 627 628 629 630 631 632 633 634 635 636 637 638 639 640 641 642 643 644 645 646 647 648 649 650 651 652 653 654 655 656 657 658 659 660 661 662 663 664 665 666 667 668 669 670 671 672 673 674 675 676 677 678 679 680 681 682 683 684 685 686 687 688 689 690 691 692 693 694 695 696 697 698 699 700 701 702 703 704 705 706 707 708 709 710 711 712 713 714 715 716 717 718 719 720 721 722 723 724 725 726 727 728 729 730 731 732 733 734 735 736 737 738 739 740 741 742 743 744 745 746 747 748 749 750 751 752 753 754 755 756 757 758 759 760 761 762 763 764 765 766 767 768 769 770 771 772 773 774 775 776 777 778 779 780 781 782 783 784 785 786 787 788 789 790 791 792 793 794 795 796 797 798 799 800;
param n := 4;

param y :=
1 -1
2 -1
3 -1
4 -1
5 -1
6 -1
7 -1
8 -1
9 1
10 -1
11 -1
12 -1
13 1
14 1
15 -1
16 -1
17 1
18 -1
19 -1
20 1
21 1
22 -1
23 1
24 -1
25 -1
26 -1
27 1
28 1
29 1
30 -1
31 -1
32 1
33 -1
34 -1
35 1
36 1
37 1
38 1
39 -1
40 -1
41 -1
42 1
43 -1
44 1
45 1
46 1
47 1
48 1
49 -1
50 1
51 -1
52 1
53 1
54 1
55 1
56 1
57 1
58 -1
59 1
60 1
61 -1
62 1
63 -1
64 -1
65 1
66 1
67 -1
68 1
69 1
70 1
71 1
72 -1
73 -1
74 1
75 -1
76 1
77 -1
78 -1
79 -1
80 1
81 -1
82 1
83 -1
84 1
85 -1
86 -1
87 -1
88 -1
89 -1
90 -1
91 1
92 1
93 1
94 1
95 -1
96 -1
97 -1
98 -1
99 -1
100 1
101 1
102 1
103 -1
104 -1
105 -1
106 -1
107 1
108 -1
109 1
110 1
111 1
112 -1
113 -1
114 -1
115 1
116 -1
117 -1
118 -1
119 -1
120 -1
121 1
122 -1
123 1
124 1
125 1
126 1
127 1
128 -1
129 -1
130 -1
131 1
132 -1
133 -1
134 1
135 1
136 1
137 1
138 -1
139 -1
140 1
141 1
142 1
143 -1
144 1
145 -1
146 -1
147 1
148 -1
149 -1
150 -1
151 -1
152 1
153 -1
154 1
155 1
156 1
157 -1
158 -1
159 -1
160 -1
161 -1
162 1
163 1
164 1
165 1
166 1
167 -1
168 -1
169 -1
170 -1
171 1
172 -1
173 1
174 1
175 -1
176 -1
177 -1
178 -1
179 -1
180 1
181 1
182 1
183 1
184 1
185 -1
186 -1
187 -1
188 -1
189 1
190 -1
191 -1
192 1
193 1
194 -1
195 1
196 -1
197 1
198 -1
199 -1
200 1
201 -1
202 1
203 -1
204 1
205 -1
206 1
207 1
208 1
209 -1
210 1
211 1
212 1
213 1
214 1
215 1
216 1
217 -1
218 1
219 -1
220 1
221 1
222 -1
223 -1
224 -1
225 -1
226 1
227 1
228 -1
229 1
230 1
231 1
232 1
233 1
234 1
235 -1
236 1
237 1
238 1
239 1
240 -1
241 1
242 1
243 -1
244 1
245 1
246 -1
247 -1
248 1
249 1
250 -1
251 1
252 -1
253 -1
254 -1
255 1
256 1
257 1
258 -1
259 -1
260 -1
261 -1
262 -1
263 1
264 -1
265 -1
266 -1
267 -1
268 1
269 -1
270 -1
271 -1
272 1
273 1
274 -1
275 -1
276 1
277 -1
278 1
279 1
280 1
281 1
282 -1
283 -1
284 -1
285 1
286 -1
287 1
288 1
289 -1
290 -1
291 -1
292 -1
293 1
294 1
295 -1
296 -1
297 -1
298 1
299 -1
300 1
301 -1
302 -1
303 -1
304 -1
305 1
306 -1
307 1
308 -1
309 -1
310 1
311 1
312 -1
313 -1
314 -1
315 1
316 1
317 1
318 1
319 1
320 -1
321 -1
322 -1
323 -1
324 -1
325 1
326 -1
327 1
328 -1
329 -1
330 -1
331 1
332 -1
333 -1
334 -1
335 1
336 1
337 -1
338 1
339 -1
340 1
341 -1
342 -1
343 -1
344 1
345 1
346 1
347 1
348 1
349 1
350 1
351 1
352 -1
353 -1
354 1
355 1
356 -1
357 1
358 1
359 -1
360 -1
361 1
362 1
363 1
364 -1
365 1
366 1
367 1
368 -1
369 -1
370 1
371 1
372 1
373 1
374 -1
375 -1
376 -1
377 1
378 1
379 1
380 1
381 1
382 -1
383 -1
384 -1
385 -1
386 -1
387 -1
388 1
389 1
390 1
391 1
392 -1
393 1
394 1
395 -1
396 1
397 -1
398 1
399 -1
400 1
401 1
402 1
403 -1
404 1
405 1
406 1
407 1
408 1
409 1
410 1
411 -1
412 1
413 1
414 -1
415 -1
416 -1
417 1
418 1
419 -1
420 -1
421 1
422 -1
423 -1
424 1
425 -1
426 1
427 -1
428 -1
429 -1
430 1
431 -1
432 1
433 1
434 -1
435 -1
436 1
437 -1
438 1
439 1
440 -1
441 1
442 -1
443 -1
444 -1
445 1
446 1
447 1
448 1
449 -1
450 1
451 1
452 1
453 -1
454 1
455 -1
456 1
457 -1
458 1
459 -1
460 1
461 -1
462 -1
463 1
464 -1
465 -1
466 -1
467 1
468 -1
469 1
470 -1
471 -1
472 -1
473 -1
474 1
475 -1
476 1
477 1
478 -1
479 1
480 1
481 1
482 1
483 1
484 -1
485 1
486 -1
487 -1
488 1
489 1
490 -1
491 -1
492 1
493 -1
494 1
495 -1
496 1
497 1
498 1
499 -1
500 1
501 1
502 -1
503 -1
504 1
505 1
506 1
507 -1
508 -1
509 -1
510 1
511 1
512 1
513 -1
514 1
515 1
516 1
517 1
518 1
519 1
520 -1
521 -1
522 -1
523 1
524 -1
525 -1
526 -1
527 -1
528 1
529 1
530 1
531 1
532 -1
533 -1
534 -1
535 1
536 1
537 1
538 -1
539 1
540 -1
541 -1
542 1
543 1
544 -1
545 -1
546 1
547 -1
548 -1
549 1
550 -1
551 1
552 -1
553 1
554 1
555 -1
556 1
557 -1
558 1
559 1
560 1
561 1
562 -1
563 1
564 -1
565 -1
566 -1
567 -1
568 -1
569 -1
570 -1
571 1
572 -1
573 1
574 1
575 1
576 -1
577 -1
578 1
579 -1
580 -1
581 -1
582 1
583 1
584 1
585 1
586 1
587 1
588 1
589 1
590 -1
591 1
592 -1
593 1
594 -1
595 1
596 -1
597 1
598 -1
599 1
600 -1
601 1
602 -1
603 1
604 1
605 -1
606 -1
607 1
608 -1
609 -1
610 1
611 1
612 -1
613 1
614 -1
615 1
616 -1
617 1
618 1
619 -1
620 1
621 1
622 -1
623 -1
624 1
625 1
626 -1
627 1
628 -1
629 1
630 -1
631 -1
632 -1
633 -1
634 -1
635 1
636 1
637 -1
638 -1
639 1
640 1
641 -1
642 -1
643 -1
644 -1
645 -1
646 1
647 -1
648 1
649 -1
650 -1
651 1
652 -1
653 -1
654 1
655 -1
656 -1
657 -1
658 1
659 1
660 -1
661 -1
662 -1
663 -1
664 1
665 1
666 -1
667 -1
668 -1
669 -1
670 -1
671 -1
672 -1
673 1
674 1
675 -1
676 1
677 1
678 1
679 -1
680 -1
681 -1
682 -1
683 1
684 -1
685 -1
686 1
687 1
688 1
689 1
690 -1
691 -1
692 -1
693 -1
694 1
695 1
696 -1
697 -1
698 1
699 1
700 1
701 -1
702 1
703 1
704 -1
705 -1
706 1
707 -1
708 -1
709 -1
710 -1
711 1
712 1
713 1
714 -1
715 -1
716 -1
717 1
718 1
719 -1
720 -1
721 -1
722 1
723 1
724 -1
725 1
726 -1
727 -1
728 -1
729 -1
730 1
731 -1
732 1
733 1
734 -1
735 1
736 1
737 -1
738 1
739 -1
740 -1
741 -1
742 1
743 -1
744 -1
745 -1
746 1
747 1
748 -1
749 -1
750 1
751 -1
752 -1
753 -1
754 1
755 -1
756 -1
757 -1
758 1
759 -1
760 -1
761 -1
762 -1
763 -1
764 1
765 -1
766 1
767 -1
768 -1
769 -1
770 -1
771 -1
772 1
773 1
774 1
775 -1
776 -1
777 -1
778 1
779 -1
780 1
781 -1
782 -1
783 1
784 -1
785 1
786 1
787 1
788 1
789 1
790 1
791 1
792 1
793 1
794 1
795 1
796 -1
797 -1
798 -1
799 1
800 -1
;

param X :
1 2 3 4 :=
1 0.275000 0.046000 0.993000 0.080000
2 0.080000 0.281000 0.448000 0.498000
3 0.016000 0.275000 0.971000 0.221000
4 0.256000 0.363000 0.272000 0.416000
5 0.303000 0.461000 0.451000 0.285000
6 0.822000 0.965000 0.392000 0.374000
7 0.477000 0.648000 0.016000 0.470000
8 0.164000 0.550000 0.009000 0.612000
9 0.903000 0.628000 0.323000 0.874000
10 0.739000 0.131000 0.213000 0.011000
11 0.469000 0.314000 0.008000 0.920000
12 0.084000 0.742000 0.564000 0.476000
13 0.534000 0.953000 0.764000 0.550000
14 0.492000 0.714000 0.973000 0.501000
15 0.021000 0.404000 0.955000 0.344000
16 0.804000 0.083000 0.409000 0.016000
17 0.956000 0.485000 0.408000 0.963000
18 0.007000 0.047000 0.147000 0.572000
19 0.263000 0.106000 0.477000 0.027000
20 0.900000 0.519000 0.370000 0.873000
21 0.697000 0.894000 0.424000 0.651000
22 0.703000 0.455000 0.321000 0.112000
23 0.415000 0.067000 0.957000 0.823000
24 0.363000 0.830000 0.078000 0.510000
25 0.601000 0.773000 0.507000 0.078000
26 0.163000 0.978000 0.318000 0.534000
27 0.338000 0.230000 0.745000 0.762000
28 0.983000 0.465000 0.337000 0.304000
29 0.809000 0.718000 0.644000 0.766000
30 0.675000 0.128000 0.371000 0.753000
31 0.772000 0.354000 0.411000 0.279000
32 0.210000 0.442000 0.410000 0.528000
33 0.261000 0.866000 0.206000 0.005000
34 0.088000 0.988000 0.094000 0.425000
35 0.670000 0.233000 0.010000 0.315000
36 0.551000 0.990000 0.127000 0.922000
37 0.765000 0.694000 0.097000 0.176000
38 0.529000 0.386000 0.415000 0.939000
39 0.391000 0.200000 0.780000 0.597000
40 0.408000 0.685000 0.194000 0.502000
41 0.485000 0.173000 0.343000 0.495000
42 0.342000 0.046000 0.477000 0.469000
43 0.220000 0.234000 0.662000 0.317000
44 0.635000 0.846000 0.795000 0.050000
45 0.709000 0.440000 0.985000 0.489000
46 0.190000 0.897000 0.722000 0.384000
47 0.832000 0.869000 0.572000 0.175000
48 0.059000 0.516000 0.411000 0.536000
49 0.379000 0.755000 0.219000 0.040000
50 0.629000 0.675000 0.918000 0.424000
51 0.703000 0.133000 0.165000 0.688000
52 0.202000 0.878000 0.519000 0.925000
53 0.918000 0.756000 0.131000 0.490000
54 0.495000 0.549000 0.447000 0.906000
55 0.433000 0.284000 0.840000 0.652000
56 0.912000 0.281000 0.999000 0.830000
57 0.724000 0.532000 0.838000 0.889000
58 0.460000 0.091000 0.098000 0.979000
59 0.360000 0.897000 0.772000 0.491000
60 0.703000 0.986000 0.936000 0.151000
61 0.020000 0.583000 0.177000 0.861000
62 0.501000 0.773000 0.516000 0.501000
63 0.221000 0.225000 0.135000 0.058000
64 0.355000 0.518000 0.205000 0.453000
65 0.221000 0.813000 0.393000 0.994000
66 0.780000 0.697000 0.291000 0.715000
67 0.183000 0.736000 0.431000 0.360000
68 0.667000 0.861000 0.369000 0.183000
69 0.971000 0.403000 0.587000 0.106000
70 0.700000 0.461000 0.979000 0.906000
71 0.476000 0.127000 0.728000 0.869000
72 0.032000 0.649000 0.818000 0.324000
73 0.666000 0.507000 0.100000 0.098000
74 0.696000 0.764000 0.728000 0.065000
75 0.090000 0.037000 0.350000 0.677000
76 0.812000 0.377000 0.604000 0.791000
77 0.519000 0.267000 0.409000 0.246000
78 0.530000 0.279000 0.784000 0.348000
79 0.148000 0.014000 0.109000 0.248000
80 0.976000 0.945000 0.876000 0.704000
81 0.823000 0.794000 0.047000 0.173000
82 0.190000 0.985000 0.848000 0.794000
83 0.130000 0.313000 0.043000 0.540000
84 0.178000 0.070000 0.838000 0.962000
85 0.441000 0.111000 0.432000 0.550000
86 0.544000 0.526000 0.304000 0.420000
87 0.314000 0.243000 0.025000 0.362000
88 0.496000 0.552000 0.400000 0.344000
89 0.176000 0.474000 0.659000 0.219000
90 0.219000 0.397000 0.084000 0.057000
91 0.501000 0.497000 0.470000 0.933000
92 0.829000 0.477000 0.573000 0.133000
93 0.804000 0.448000 0.139000 0.828000
94 0.555000 0.324000 0.361000 0.955000
95 0.707000 0.131000 0.141000 0.366000
96 0.155000 0.585000 0.746000 0.239000
97 0.106000 0.740000 0.139000 0.576000
98 0.186000 0.405000 0.151000 0.760000
99 0.047000 0.563000 0.986000 0.187000
100 0.795000 0.742000 0.715000 0.156000
101 0.383000 0.863000 0.828000 0.524000
102 0.177000 0.679000 0.815000 0.924000
103 0.456000 0.029000 0.658000 0.596000
104 0.331000 0.782000 0.010000 0.482000
105 0.548000 0.530000 0.105000 0.534000
106 0.496000 0.328000 0.458000 0.212000
107 0.154000 0.594000 0.348000 0.982000
108 0.577000 0.160000 0.797000 0.392000
109 0.715000 0.848000 0.113000 0.373000
110 0.718000 0.704000 0.226000 0.728000
111 0.768000 0.275000 0.716000 0.873000
112 0.432000 0.369000 0.137000 0.890000
113 0.622000 0.044000 0.175000 0.970000
114 0.294000 0.547000 0.186000 0.091000
115 0.269000 0.806000 0.787000 0.382000
116 0.231000 0.100000 0.883000 0.457000
117 0.069000 0.225000 0.103000 0.785000
118 0.912000 0.218000 0.468000 0.050000
119 0.049000 0.672000 0.152000 0.224000
120 0.178000 0.518000 0.188000 0.364000
121 0.127000 0.634000 0.415000 0.914000
122 0.593000 0.146000 0.116000 0.476000
123 0.944000 0.546000 0.828000 0.047000
124 0.927000 0.959000 0.549000 0.395000
125 0.657000 0.444000 0.680000 0.808000
126 0.321000 0.987000 0.186000 0.509000
127 0.795000 0.636000 0.985000 0.210000
128 0.000000 0.803000 0.696000 0.116000
129 0.299000 0.060000 0.826000 0.128000
130 0.157000 0.054000 0.065000 0.706000
131 0.074000 0.362000 0.893000 0.754000
132 0.561000 0.075000 0.158000 0.747000
133 0.509000 0.543000 0.220000 0.493000
134 0.771000 0.494000 0.556000 0.467000
135 0.836000 0.766000 0.670000 0.661000
136 0.776000 0.818000 0.948000 0.841000
137 0.398000 0.915000 0.887000 0.291000
138 0.057000 0.852000 0.743000 0.215000
139 0.327000 0.724000 0.142000 0.548000
140 0.894000 0.319000 0.711000 0.450000
141 0.321000 0.286000 0.552000 0.990000
142 0.446000 0.766000 0.765000 0.395000
143 0.289000 0.792000 0.523000 0.176000
144 0.192000 0.233000 0.934000 0.935000
145 0.534000 0.263000 0.172000 0.675000
146 0.389000 0.570000 0.129000 0.100000
147 0.915000 0.421000 0.305000 0.467000
148 0.252000 0.914000 0.178000 0.017000
149 0.786000 0.306000 0.100000 0.309000
150 0.183000 0.500000 0.715000 0.117000
151 0.164000 0.651000 0.698000 0.336000
152 0.509000 0.726000 0.896000 0.638000
153 0.915000 0.553000 0.247000 0.221000
154 0.658000 0.473000 0.934000 0.835000
155 0.242000 0.621000 0.796000 0.343000
156 0.278000 0.526000 0.430000 0.993000
157 0.865000 0.157000 0.294000 0.564000
158 0.621000 0.072000 0.219000 0.517000
159 0.045000 0.432000 0.263000 0.291000
160 0.284000 0.949000 0.125000 0.218000
161 0.615000 0.460000 0.405000 0.411000
162 0.334000 0.688000 0.329000 0.764000
163 0.972000 0.629000 0.839000 0.267000
164 0.332000 0.888000 0.265000 0.551000
165 0.975000 0.596000 0.836000 0.238000
166 0.489000 0.522000 0.835000 0.614000
167 0.619000 0.229000 0.200000 0.024000
168 0.003000 0.359000 0.328000 0.332000
169 0.010000 0.304000 0.752000 0.849000
170 0.945000 0.181000 0.459000 0.210000
171 0.863000 0.186000 0.328000 0.699000
172 0.214000 0.188000 0.946000 0.050000
173 0.686000 0.669000 0.031000 0.886000
174 0.671000 0.888000 0.053000 0.999000
175 0.175000 0.008000 0.524000 0.928000
176 0.095000 0.873000 0.038000 0.554000
177 0.770000 0.417000 0.269000 0.098000
178 0.693000 0.312000 0.305000 0.640000
179 0.107000 0.326000 0.031000 0.139000
180 0.725000 0.809000 0.100000 0.778000
181 0.320000 0.953000 0.816000 0.844000
182 0.673000 0.939000 0.754000 0.711000
183 0.837000 0.480000 0.910000 0.106000
184 0.026000 0.800000 0.890000 0.331000
185 0.252000 0.438000 0.765000 0.283000
186 0.976000 0.008000 0.386000 0.076000
187 0.194000 0.396000 0.739000 0.010000
188 0.620000 0.683000 0.180000 0.373000
189 0.673000 0.210000 0.874000 0.583000
190 0.451000 0.610000 0.116000 0.341000
191 0.556000 0.593000 0.379000 0.321000
192 0.955000 0.297000 0.884000 0.341000
193 0.670000 0.535000 0.770000 0.409000
194 0.010000 0.029000 0.227000 0.190000
195 0.620000 0.863000 0.612000 0.494000
196 0.929000 0.945000 0.056000 0.045000
197 0.997000 0.601000 0.880000 0.375000
198 0.756000 0.331000 0.219000 0.640000
199 0.592000 0.311000 0.206000 0.362000
200 0.751000 0.372000 0.748000 0.978000
201 0.150000 0.598000 0.425000 0.762000
202 0.872000 0.690000 0.037000 0.928000
203 0.324000 0.925000 0.336000 0.204000
204 0.257000 0.960000 0.631000 0.476000
205 0.303000 0.068000 0.911000 0.509000
206 0.631000 0.260000 0.802000 0.379000
207 0.364000 0.529000 0.836000 0.789000
208 0.928000 0.661000 0.981000 0.966000
209 0.716000 0.290000 0.514000 0.052000
210 0.814000 0.309000 0.454000 0.446000
211 0.054000 0.748000 0.853000 0.965000
212 0.283000 0.596000 0.518000 0.085000
213 0.756000 0.448000 0.504000 0.592000
214 0.794000 0.520000 0.897000 0.775000
215 0.486000 0.491000 0.776000 1.000000
216 0.270000 0.814000 0.852000 0.724000
217 0.637000 0.779000 0.008000 0.490000
218 0.266000 0.773000 0.340000 0.783000
219 0.315000 0.539000 0.305000 0.818000
220 0.542000 0.612000 0.651000 0.440000
221 0.138000 0.926000 0.878000 0.914000
222 0.421000 0.184000 0.740000 0.273000
223 0.000000 0.910000 0.687000 0.008000
224 0.431000 0.274000 0.173000 0.771000
225 0.030000 0.086000 0.596000 0.335000
226 0.727000 0.878000 0.516000 0.378000
227 0.904000 0.516000 0.243000 0.782000
228 0.169000 0.203000 0.614000 0.910000
229 0.523000 0.910000 0.387000 0.210000
230 0.787000 0.641000 0.192000 0.960000
231 0.249000 0.990000 0.497000 0.845000
232 0.401000 0.571000 0.203000 0.917000
233 0.520000 0.821000 0.465000 0.764000
234 0.895000 0.933000 0.806000 0.509000
235 0.283000 0.031000 0.752000 0.670000
236 0.670000 0.456000 0.882000 0.861000
237 0.293000 0.110000 0.406000 0.790000
238 0.731000 0.191000 0.526000 0.933000
239 0.475000 0.454000 0.928000 0.940000
240 0.531000 0.835000 0.150000 0.337000
241 0.993000 0.620000 0.375000 0.745000
242 0.616000 0.414000 0.746000 0.498000
243 0.162000 0.791000 0.386000 0.567000
244 0.340000 0.298000 0.772000 0.866000
245 0.880000 0.342000 0.685000 0.808000
246 0.902000 0.339000 0.117000 0.053000
247 0.461000 0.045000 0.297000 0.836000
248 0.586000 0.452000 0.204000 0.332000
249 0.480000 0.494000 0.742000 0.866000
250 0.323000 0.206000 0.359000 0.095000
251 0.591000 0.975000 0.414000 0.276000
252 0.696000 0.179000 0.122000 0.813000
253 0.799000 0.274000 0.276000 0.095000
254 0.066000 0.681000 0.563000 0.270000
255 0.513000 0.750000 0.507000 0.255000
256 0.568000 0.577000 0.821000 0.928000
257 0.894000 0.519000 0.647000 0.307000
258 0.430000 0.003000 0.973000 0.552000
259 0.204000 0.351000 0.091000 0.481000
260 0.201000 0.546000 0.128000 0.764000
261 0.141000 0.277000 0.566000 0.649000
262 0.182000 0.217000 0.109000 0.003000
263 0.782000 0.897000 0.663000 0.429000
264 0.458000 0.858000 0.208000 0.431000
265 0.024000 0.635000 0.762000 0.115000
266 0.209000 0.316000 0.662000 0.337000
267 0.479000 0.478000 0.357000 0.046000
268 0.889000 0.227000 0.344000 0.998000
269 0.488000 0.780000 0.128000 0.151000
270 0.332000 0.609000 0.067000 0.540000
271 0.478000 0.564000 0.675000 0.240000
272 0.791000 0.448000 0.995000 0.454000
273 0.075000 0.933000 0.263000 0.432000
274 0.390000 0.321000 0.206000 0.734000
275 0.437000 0.222000 0.099000 0.564000
276 0.307000 0.896000 0.981000 0.374000
277 0.021000 0.852000 0.000000 0.697000
278 0.679000 0.488000 0.540000 0.674000
279 0.325000 0.749000 0.875000 0.589000
280 0.853000 0.979000 0.501000 0.059000
281 0.820000 0.496000 0.934000 0.919000
282 0.307000 0.226000 0.957000 0.288000
283 0.393000 0.309000 0.453000 0.393000
284 0.545000 0.072000 0.494000 0.085000
285 0.435000 0.410000 0.495000 0.310000
286 0.675000 0.163000 0.978000 0.176000
287 0.690000 0.996000 0.718000 0.624000
288 0.778000 0.930000 0.142000 0.735000
289 0.743000 0.128000 0.527000 0.195000
290 0.533000 0.740000 0.593000 0.026000
291 0.339000 0.462000 0.235000 0.833000
292 0.234000 0.508000 0.935000 0.211000
293 0.158000 0.901000 0.681000 0.876000
294 0.596000 0.654000 0.455000 0.738000
295 0.674000 0.481000 0.517000 0.201000
296 0.038000 0.734000 0.416000 0.631000
297 0.242000 0.969000 0.222000 0.477000
298 0.994000 0.711000 0.311000 0.929000
299 0.996000 0.087000 0.823000 0.677000
300 0.348000 0.273000 0.617000 0.804000
301 0.006000 0.478000 0.492000 0.524000
302 0.168000 0.561000 0.412000 0.585000
303 0.173000 0.826000 0.162000 0.395000
304 0.964000 0.389000 0.014000 0.275000
305 0.936000 0.271000 0.406000 0.759000
306 0.369000 0.108000 0.221000 0.986000
307 0.232000 0.993000 0.389000 0.724000
308 0.068000 0.893000 0.077000 0.480000
309 0.270000 0.653000 0.304000 0.431000
310 0.607000 0.395000 0.437000 0.621000
311 0.756000 0.556000 0.942000 0.162000
312 0.889000 0.530000 0.423000 0.110000
313 0.335000 0.342000 0.509000 0.724000
314 0.025000 0.792000 0.959000 0.102000
315 0.437000 0.372000 0.925000 0.740000
316 0.973000 0.347000 0.198000 0.410000
317 0.869000 0.166000 0.525000 0.811000
318 0.840000 0.700000 0.858000 0.263000
319 0.374000 0.598000 0.152000 0.883000
320 0.219000 0.908000 0.113000 0.178000
321 0.385000 0.614000 0.382000 0.310000
322 0.186000 0.283000 0.702000 0.384000
323 0.670000 0.253000 0.860000 0.195000
324 0.187000 0.035000 0.764000 0.045000
325 0.574000 0.419000 0.896000 0.727000
326 0.217000 0.946000 0.210000 0.330000
327 0.221000 0.715000 0.738000 0.603000
328 0.092000 0.789000 0.308000 0.794000
329 0.002000 0.465000 0.426000 0.861000
330 0.490000 0.049000 0.694000 0.254000
331 0.992000 0.828000 0.513000 0.888000
332 0.815000 0.105000 0.501000 0.025000
333 0.624000 0.246000 0.150000 0.362000
334 0.175000 0.454000 0.638000 0.483000
335 0.811000 0.485000 0.713000 0.237000
336 0.373000 0.727000 0.395000 0.067000
337 0.489000 0.059000 0.810000 0.001000
338 0.365000 0.817000 0.052000 0.866000
339 0.486000 0.490000 0.088000 0.636000
340 0.938000 0.811000 0.305000 0.576000
341 0.554000 0.387000 0.780000 0.267000
342 0.127000 0.640000 0.352000 0.522000
343 0.333000 0.011000 0.766000 0.143000
344 0.713000 0.508000 0.829000 0.764000
345 0.671000 0.251000 0.863000 0.759000
346 0.715000 0.696000 0.698000 0.020000
347 0.993000 0.574000 0.660000 0.773000
348 0.284000 0.899000 0.480000 0.636000
349 0.187000 0.969000 0.432000 0.952000
350 0.444000 0.665000 0.619000 0.273000
351 0.993000 0.944000 0.680000 0.856000
352 0.567000 0.571000 0.399000 0.265000
353 0.672000 0.258000 0.165000 0.331000
354 0.005000 0.615000 0.930000 0.485000
355 0.351000 0.672000 0.219000 0.783000
356 0.331000 0.228000 0.290000 0.950000
357 0.719000 0.943000 0.445000 0.399000
358 0.147000 0.966000 0.371000 0.547000
359 0.962000 0.218000 0.489000 0.127000
360 0.519000 0.132000 0.164000 0.449000
361 0.415000 0.800000 0.290000 0.634000
362 0.914000 0.965000 0.811000 0.204000
363 0.312000 0.923000 0.858000 0.757000
364 0.658000 0.904000 0.289000 0.029000
365 0.520000 0.991000 0.669000 0.009000
366 0.218000 0.528000 0.249000 0.382000
367 0.867000 0.797000 0.777000 0.156000
368 0.360000 0.070000 0.396000 0.171000
369 0.311000 0.483000 0.197000 0.169000
370 0.520000 0.827000 0.144000 0.809000
371 0.595000 0.329000 0.846000 0.264000
372 0.964000 0.482000 0.867000 0.213000
373 0.844000 0.080000 0.661000 0.621000
374 0.092000 0.981000 0.306000 0.488000
375 0.581000 0.798000 0.636000 0.778000
376 0.876000 0.298000 0.794000 0.020000
377 0.649000 0.614000 0.436000 0.495000
378 0.774000 0.459000 0.360000 0.641000
379 0.224000 0.485000 0.751000 0.885000
380 0.987000 0.977000 0.087000 0.293000
381 0.239000 0.874000 0.263000 0.875000
382 0.230000 0.751000 0.950000 0.024000
383 0.057000 0.673000 0.385000 0.493000
384 0.263000 0.267000 0.626000 0.623000
385 0.298000 0.847000 0.393000 0.049000
386 0.498000 0.036000 0.708000 0.584000
387 0.173000 0.823000 0.203000 0.436000
388 0.854000 0.666000 0.449000 0.804000
389 0.219000 0.861000 0.362000 0.604000
390 0.529000 0.867000 0.621000 0.156000
391 0.529000 0.454000 0.336000 0.921000
392 0.068000 0.419000 0.538000 0.776000
393 0.867000 0.949000 0.827000 0.070000
394 0.525000 0.925000 0.051000 0.974000
395 0.740000 0.194000 0.590000 0.102000
396 0.943000 0.631000 0.665000 0.564000
397 0.154000 0.093000 0.240000 0.491000
398 0.743000 0.558000 0.433000 0.281000
399 0.436000 0.149000 0.283000 0.263000
400 0.668000 0.788000 0.144000 0.719000
401 0.873000 0.459000 0.956000 0.462000
402 0.754000 0.406000 0.191000 0.418000
403 0.978000 0.573000 0.062000 0.219000
404 0.076000 0.962000 0.622000 0.509000
405 0.956000 0.945000 0.392000 0.240000
406 0.611000 0.908000 0.996000 0.754000
407 0.759000 0.627000 0.085000 0.715000
408 0.646000 0.469000 0.495000 0.837000
409 0.465000 0.815000 0.460000 0.527000
410 0.524000 0.603000 0.996000 0.146000
411 0.238000 0.102000 0.057000 0.630000
412 0.265000 0.241000 0.250000 0.261000
413 0.877000 0.020000 0.622000 0.962000
414 0.711000 0.608000 0.204000 0.207000
415 0.091000 0.672000 0.260000 0.551000
416 0.294000 0.075000 0.802000 0.289000
417 0.915000 0.528000 0.323000 0.972000
418 0.665000 0.237000 0.398000 0.915000
419 0.393000 0.791000 0.518000 0.015000
420 0.253000 0.727000 0.361000 0.457000
421 0.805000 0.547000 0.605000 0.065000
422 0.804000 0.359000 0.173000 0.607000
423 0.394000 0.521000 0.176000 0.716000
424 0.334000 0.381000 0.730000 0.732000
425 0.227000 0.126000 0.087000 0.745000
426 0.840000 0.998000 0.868000 0.201000
427 0.801000 0.006000 0.002000 0.406000
428 0.100000 0.210000 0.431000 0.274000
429 0.079000 0.667000 0.338000 0.255000
430 0.831000 0.589000 0.764000 0.561000
431 0.060000 0.788000 0.447000 0.147000
432 0.588000 0.987000 0.531000 0.456000
433 0.986000 0.257000 0.194000 0.988000
434 0.266000 0.088000 0.874000 0.697000
435 0.691000 0.776000 0.029000 0.029000
436 0.412000 0.860000 0.621000 0.177000
437 0.943000 0.237000 0.209000 0.390000
438 0.743000 0.978000 0.371000 0.274000
439 0.558000 0.260000 0.691000 0.753000
440 0.355000 0.019000 0.336000 0.228000
441 0.697000 0.919000 0.492000 0.726000
442 0.524000 0.138000 0.809000 0.145000
443 0.230000 0.088000 0.552000 0.439000
444 0.936000 0.182000 0.456000 0.306000
445 0.890000 0.864000 0.715000 0.582000
446 0.963000 0.936000 0.636000 0.299000
447 0.352000 0.996000 0.084000 0.843000
448 0.032000 0.367000 0.861000 0.841000
449 0.176000 0.071000 0.599000 0.728000
450 0.077000 0.663000 0.691000 0.533000
451 0.147000 0.423000 0.834000 0.862000
452 0.451000 0.825000 0.941000 0.087000
453 0.106000 0.438000 0.120000 0.190000
454 0.842000 0.222000 0.649000 0.703000
455 0.161000 0.878000 0.134000 0.760000
456 0.644000 0.837000 0.269000 0.335000
457 0.239000 0.482000 0.794000 0.073000
458 0.799000 0.524000 0.170000 0.740000
459 0.294000 0.846000 0.049000 0.413000
460 0.331000 0.255000 0.258000 0.980000
461 0.321000 0.141000 0.837000 0.455000
462 0.443000 0.099000 0.739000 0.712000
463 0.109000 0.951000 0.916000 0.904000
464 0.260000 0.703000 0.548000 0.430000
465 0.159000 0.723000 0.290000 0.208000
466 0.326000 0.539000 0.392000 0.584000
467 0.350000 0.905000 0.660000 0.187000
468 0.561000 0.630000 0.459000 0.300000
469 0.892000 0.410000 0.293000 0.808000
470 0.317000 0.068000 0.016000 0.865000
471 0.459000 0.023000 0.221000 0.749000
472 0.358000 0.075000 0.770000 0.751000
473 0.289000 0.101000 0.564000 0.949000
474 0.924000 0.510000 0.918000 0.383000
475 0.260000 0.276000 0.219000 0.553000
476 0.532000 0.870000 0.152000 0.548000
477 0.650000 0.007000 0.758000 0.871000
478 0.989000 0.230000 0.831000 0.759000
479 0.490000 0.048000 0.081000 0.054000
480 0.369000 0.978000 0.506000 0.287000
481 0.316000 0.547000 0.636000 0.535000
482 0.720000 0.068000 0.970000 0.872000
483 0.705000 0.522000 0.624000 0.463000
484 0.380000 0.452000 0.623000 0.211000
485 0.604000 0.700000 0.259000 0.685000
486 0.256000 0.054000 0.732000 0.762000
487 0.093000 0.078000 0.888000 0.729000
488 0.988000 0.449000 0.682000 0.957000
489 0.298000 0.662000 0.843000 0.921000
490 0.237000 0.301000 0.577000 0.860000
491 0.788000 0.464000 0.212000 0.048000
492 0.966000 0.304000 0.203000 0.697000
493 0.545000 0.790000 0.144000 0.433000
494 0.758000 0.420000 0.968000 0.439000
495 0.290000 0.737000 0.040000 0.133000
496 0.164000 0.370000 0.959000 0.741000
497 0.471000 0.529000 0.695000 0.683000
498 0.844000 0.648000 0.881000 0.047000
499 0.946000 0.592000 0.136000 0.090000
500 0.655000 0.848000 0.445000 0.623000
501 0.822000 0.913000 0.024000 0.862000
502 0.682000 0.026000 0.416000 0.642000
503 0.647000 0.112000 0.296000 0.341000
504 0.874000 0.185000 0.443000 0.754000
505 0.789000 0.701000 0.824000 0.925000
506 0.848000 0.579000 0.639000 0.293000
507 0.927000 0.115000 0.115000 0.951000
508 0.161000 0.633000 0.003000 0.577000
509 0.771000 0.223000 0.387000 0.067000
510 0.182000 0.941000 0.749000 0.625000
511 0.982000 0.414000 0.395000 0.806000
512 0.186000 0.654000 0.918000 0.826000
513 0.121000 0.752000 0.063000 0.236000
514 0.040000 0.396000 0.336000 0.044000
515 0.611000 0.814000 0.196000 0.998000
516 0.760000 0.180000 0.822000 0.510000
517 0.517000 0.491000 0.220000 0.912000
518 0.559000 0.098000 0.951000 0.477000
519 0.898000 0.598000 0.676000 0.961000
520 0.379000 0.001000 0.230000 0.715000
521 0.203000 0.326000 0.859000 0.399000
522 0.740000 0.159000 0.504000 0.562000
523 0.310000 0.078000 0.160000 0.530000
524 0.457000 0.089000 0.088000 0.408000
525 0.012000 0.306000 0.165000 0.689000
526 0.998000 0.068000 0.269000 0.228000
527 0.314000 0.431000 0.109000 0.172000
528 0.434000 0.912000 0.988000 0.938000
529 0.656000 0.248000 0.552000 0.816000
530 0.542000 0.273000 0.867000 0.631000
531 0.433000 0.643000 0.987000 0.598000
532 0.255000 0.596000 0.400000 0.524000
533 0.183000 0.837000 0.255000 0.292000
534 0.084000 0.726000 0.922000 0.072000
535 0.396000 0.728000 0.912000 0.949000
536 0.689000 0.491000 0.818000 0.556000
537 0.499000 0.990000 0.765000 0.486000
538 0.097000 0.741000 0.184000 0.497000
539 0.008000 0.680000 0.103000 0.263000
540 0.112000 0.347000 0.697000 0.035000
541 0.361000 0.431000 0.148000 0.273000
542 0.692000 0.962000 0.871000 0.510000
543 0.993000 0.009000 0.508000 0.759000
544 0.096000 0.856000 0.236000 0.280000
545 0.501000 0.289000 0.033000 0.603000
546 0.004000 0.716000 0.900000 0.702000
547 0.319000 0.063000 0.182000 0.467000
548 0.562000 0.160000 0.297000 0.433000
549 0.816000 0.426000 0.678000 0.324000
550 0.173000 0.420000 0.041000 0.409000
551 0.394000 0.909000 0.989000 0.427000
552 0.541000 0.431000 0.229000 0.441000
553 0.979000 0.760000 0.196000 0.161000
554 0.531000 0.723000 0.387000 0.828000
555 0.056000 0.644000 0.583000 0.735000
556 0.768000 0.907000 0.389000 0.809000
557 0.089000 0.203000 0.225000 0.078000
558 0.738000 0.620000 0.061000 0.967000
559 0.193000 0.946000 0.821000 0.389000
560 0.049000 0.920000 0.831000 0.436000
561 0.987000 0.492000 0.393000 0.570000
562 0.361000 0.338000 0.134000 0.750000
563 0.450000 0.839000 0.350000 0.675000
564 0.980000 0.413000 0.537000 0.041000
565 0.598000 0.234000 0.327000 0.420000
566 0.434000 0.468000 0.544000 0.265000
567 0.292000 0.253000 0.396000 0.685000
568 0.622000 0.046000 0.161000 0.756000
569 0.309000 0.206000 0.635000 0.659000
570 0.552000 0.639000 0.294000 0.089000
571 0.674000 0.687000 0.914000 0.001000
572 0.537000 0.435000 0.575000 0.081000
573 0.479000 0.373000 0.954000 0.874000
574 0.777000 0.497000 0.104000 0.938000
575 0.900000 0.247000 0.458000 0.535000
576 0.339000 0.087000 0.545000 0.633000
577 0.225000 0.307000 0.863000 0.139000
578 0.970000 0.677000 0.744000 0.545000
579 0.445000 0.024000 0.131000 0.398000
580 0.189000 0.175000 0.395000 0.293000
581 0.648000 0.193000 0.359000 0.106000
582 0.265000 0.445000 0.815000 0.810000
583 0.991000 0.035000 0.385000 0.854000
584 0.693000 0.825000 0.851000 0.437000
585 0.609000 0.882000 0.394000 0.739000
586 0.292000 0.928000 0.455000 0.688000
587 0.567000 0.335000 0.415000 0.927000
588 0.143000 0.192000 0.887000 0.958000
589 0.964000 0.949000 0.037000 0.350000
590 0.211000 0.043000 0.628000 0.062000
591 0.998000 0.671000 0.362000 0.391000
592 0.642000 0.684000 0.338000 0.096000
593 0.559000 0.663000 0.707000 0.974000
594 0.149000 0.117000 0.782000 0.035000
595 0.784000 1.000000 0.023000 0.821000
596 0.827000 0.032000 0.392000 0.454000
597 0.872000 0.452000 0.765000 0.234000
598 0.175000 0.876000 0.527000 0.513000
599 0.899000 0.073000 0.636000 0.606000
600 0.226000 0.754000 0.163000 0.008000
601 0.238000 0.791000 0.789000 0.261000
602 0.138000 0.087000 0.644000 0.530000
603 0.738000 0.403000 0.994000 0.503000
604 0.837000 0.679000 0.514000 0.364000
605 0.486000 0.263000 0.265000 0.122000
606 0.311000 0.348000 0.623000 0.474000
607 0.413000 0.712000 0.147000 0.202000
608 0.758000 0.340000 0.060000 0.402000
609 0.602000 0.140000 0.274000 0.596000
610 0.911000 0.433000 0.322000 0.424000
611 0.514000 0.911000 0.060000 0.779000
612 0.929000 0.090000 0.381000 0.552000
613 0.736000 0.965000 0.277000 0.883000
614 0.250000 0.642000 0.508000 0.310000
615 0.379000 0.912000 0.184000 0.652000
616 0.827000 0.563000 0.940000 0.149000
617 0.737000 0.664000 0.898000 0.796000
618 0.931000 0.725000 0.533000 0.311000
619 0.098000 0.048000 0.243000 0.375000
620 0.411000 0.624000 0.572000 0.919000
621 0.616000 0.297000 0.846000 0.800000
622 0.353000 0.627000 0.513000 0.293000
623 0.500000 0.029000 0.441000 0.399000
624 0.883000 0.329000 0.551000 0.416000
625 0.829000 0.515000 0.689000 0.073000
626 0.619000 0.484000 0.514000 0.192000
627 0.448000 0.808000 0.700000 0.294000
628 0.650000 0.647000 0.235000 0.163000
629 0.012000 0.663000 0.970000 0.453000
630 0.796000 0.336000 0.391000 0.347000
631 0.032000 0.176000 0.267000 0.721000
632 0.156000 0.340000 0.733000 0.670000
633 0.135000 0.118000 0.340000 0.835000
634 0.948000 0.485000 0.059000 0.183000
635 1.000000 0.195000 0.311000 0.969000
636 0.372000 0.765000 0.984000 0.763000
637 0.736000 0.795000 0.288000 0.003000
638 0.537000 0.160000 0.856000 0.270000
639 0.388000 0.405000 0.948000 0.728000
640 0.360000 0.675000 0.725000 0.420000
641 0.372000 0.419000 0.054000 0.683000
642 0.702000 0.055000 0.153000 0.685000
643 0.265000 0.422000 0.614000 0.553000
644 0.130000 0.090000 0.585000 0.986000
645 0.415000 0.374000 0.764000 0.363000
646 0.004000 0.723000 0.777000 0.729000
647 0.635000 0.101000 0.563000 0.689000
648 0.951000 0.390000 0.840000 0.104000
649 0.658000 0.369000 0.497000 0.273000
650 0.922000 0.403000 0.012000 0.507000
651 0.371000 0.922000 0.763000 0.135000
652 0.864000 0.139000 0.008000 0.641000
653 0.151000 0.276000 0.969000 0.714000
654 0.753000 0.665000 0.354000 0.593000
655 0.430000 0.251000 0.139000 0.927000
656 0.061000 0.849000 0.927000 0.072000
657 0.315000 0.443000 0.278000 0.078000
658 0.562000 0.942000 0.717000 0.570000
659 0.585000 0.721000 0.858000 0.554000
660 0.822000 0.307000 0.100000 0.176000
661 0.869000 0.606000 0.151000 0.008000
662 0.675000 0.069000 0.382000 0.602000
663 0.739000 0.917000 0.585000 0.016000
664 0.163000 0.579000 0.937000 0.880000
665 0.520000 0.465000 0.870000 0.378000
666 0.305000 0.200000 0.327000 0.404000
667 0.227000 0.274000 0.983000 0.379000
668 0.516000 0.054000 0.350000 0.898000
669 0.491000 0.637000 0.573000 0.076000
670 0.569000 0.239000 0.232000 0.506000
671 0.380000 0.026000 0.584000 0.250000
672 0.604000 0.555000 0.604000 0.931000
673 0.981000 0.158000 0.233000 0.963000
674 0.514000 0.479000 0.590000 0.864000
675 0.246000 0.356000 0.014000 0.819000
676 0.667000 0.388000 0.670000 0.899000
677 0.789000 0.279000 0.920000 0.373000
678 0.325000 0.978000 0.084000 0.929000
679 0.043000 0.910000 0.067000 0.276000
680 0.603000 0.790000 0.352000 0.194000
681 0.730000 0.440000 0.010000 0.744000
682 0.441000 0.411000 0.648000 0.111000
683 0.542000 0.900000 0.589000 0.462000
684 0.118000 0.787000 0.251000 0.202000
685 0.160000 0.245000 0.625000 0.227000
686 0.498000 0.830000 0.311000 0.850000
687 0.966000 0.580000 0.463000 0.976000
688 0.723000 0.417000 0.735000 0.370000
689 0.044000 0.912000 0.429000 0.633000
690 0.703000 0.751000 0.161000 0.954000
691 0.877000 0.114000 0.198000 0.502000
692 0.719000 1.000000 0.171000 0.030000
693 0.194000 0.996000 0.430000 0.657000
694 0.754000 0.380000 0.389000 0.489000
695 0.917000 0.534000 0.662000 0.346000
696 0.036000 0.049000 0.918000 0.197000
697 0.871000 0.074000 0.118000 0.069000
698 0.458000 0.788000 0.575000 0.629000
699 0.426000 0.823000 0.814000 0.856000
700 0.785000 0.610000 0.860000 0.174000
701 0.610000 0.091000 0.633000 0.272000
702 0.800000 0.309000 0.486000 0.718000
703 0.489000 0.589000 0.580000 0.607000
704 0.156000 0.065000 0.446000 0.731000
705 0.264000 0.157000 0.517000 0.077000
706 0.997000 0.863000 0.623000 0.857000
707 0.723000 0.467000 0.127000 0.356000
708 0.564000 0.156000 0.048000 0.050000
709 0.554000 0.539000 0.462000 0.134000
710 0.119000 0.290000 0.210000 0.565000
711 0.904000 0.829000 0.178000 0.421000
712 0.190000 0.418000 0.769000 0.813000
713 0.805000 0.536000 0.742000 0.932000
714 0.482000 0.495000 0.047000 0.530000
715 0.920000 0.085000 0.083000 0.382000
716 0.229000 0.502000 0.509000 0.439000
717 0.530000 0.343000 0.895000 0.708000
718 0.801000 0.898000 0.182000 0.570000
719 0.457000 0.374000 0.247000 0.199000
720 0.139000 0.681000 0.801000 0.186000
721 0.346000 0.106000 0.296000 0.430000
722 0.515000 0.658000 0.990000 0.024000
723 0.057000 0.554000 0.441000 0.952000
724 0.205000 0.753000 0.159000 0.387000
725 0.870000 0.845000 0.697000 0.118000
726 0.003000 0.256000 0.725000 0.804000
727 0.937000 0.151000 0.549000 0.233000
728 0.037000 0.748000 0.238000 0.027000
729 0.336000 0.084000 0.325000 0.777000
730 0.587000 0.982000 0.789000 0.746000
731 0.112000 0.616000 0.214000 0.809000
732 0.258000 0.812000 0.991000 0.983000
733 0.433000 0.920000 0.767000 0.982000
734 0.347000 0.019000 0.900000 0.586000
735 0.672000 0.922000 0.130000 0.997000
736 0.166000 0.584000 0.680000 0.954000
737 0.049000 0.066000 0.946000 0.263000
738 0.680000 0.520000 0.688000 0.671000
739 0.305000 0.104000 0.423000 0.072000
740 0.576000 0.419000 0.104000 0.476000
741 0.150000 0.148000 0.927000 0.280000
742 0.625000 0.445000 0.729000 0.305000
743 0.059000 0.354000 0.466000 0.005000
744 0.342000 0.686000 0.137000 0.029000
745 0.640000 0.334000 0.460000 0.064000
746 0.546000 0.640000 0.825000 0.650000
747 0.830000 0.800000 0.264000 0.757000
748 0.410000 0.382000 0.526000 0.139000
749 0.925000 0.198000 0.041000 0.392000
750 0.658000 0.733000 0.889000 0.795000
751 0.245000 0.435000 0.096000 0.706000
752 0.502000 0.251000 0.139000 0.327000
753 0.255000 0.157000 0.702000 0.519000
754 0.782000 0.929000 0.297000 0.307000
755 0.984000 0.233000 0.265000 0.026000
756 0.469000 0.683000 0.357000 0.357000
757 0.120000 0.602000 0.913000 0.216000
758 0.412000 0.718000 0.559000 0.550000
759 0.461000 0.805000 0.202000 0.162000
760 0.117000 0.944000 0.253000 0.414000
761 0.320000 0.398000 0.484000 0.586000
762 0.108000 0.054000 0.107000 0.465000
763 0.586000 0.585000 0.014000 0.499000
764 0.322000 0.911000 0.518000 0.881000
765 0.563000 0.342000 0.266000 0.765000
766 0.590000 0.882000 0.449000 0.843000
767 0.700000 0.164000 0.694000 0.184000
768 0.118000 0.292000 0.804000 0.225000
769 0.216000 0.811000 0.342000 0.230000
770 0.143000 0.552000 0.220000 0.661000
771 0.681000 0.224000 0.775000 0.948000
772 0.280000 0.538000 0.872000 0.728000
773 0.167000 0.428000 0.545000 0.861000
774 0.295000 0.979000 0.904000 0.099000
775 0.661000 0.315000 0.016000 0.004000
776 0.325000 0.147000 0.096000 0.546000
777 0.530000 0.227000 0.033000 0.305000
778 0.022000 0.585000 0.713000 0.894000
779 0.095000 0.061000 0.741000 0.640000
780 0.353000 0.935000 0.902000 0.258000
781 0.107000 0.919000 0.349000 0.122000
782 0.893000 0.447000 0.069000 0.990000
783 0.877000 0.519000 0.220000 0.910000
784 0.395000 0.932000 0.409000 0.107000
785 0.722000 0.202000 0.887000 0.463000
786 0.810000 0.816000 0.777000 0.712000
787 0.811000 0.818000 0.993000 0.160000
788 0.915000 0.053000 0.388000 0.985000
789 0.381000 0.862000 0.563000 0.601000
790 0.387000 0.995000 0.705000 0.796000
791 0.531000 0.517000 0.305000 0.418000
792 0.147000 0.228000 0.796000 0.923000
793 0.870000 0.734000 0.758000 0.863000
794 0.699000 0.779000 0.947000 0.087000
795 0.990000 0.468000 0.626000 0.553000
796 0.398000 0.940000 0.064000 0.103000
797 0.166000 0.633000 0.253000 0.471000
798 0.233000 0.617000 0.280000 0.029000
799 0.220000 0.900000 0.275000 0.978000
800 0.169000 0.677000 0.541000 0.117000
;
