0.275 0.046 0.993 0.080   -1.0
0.080 0.281 0.448 0.498   -1.0
0.016 0.275 0.971 0.221   -1.0
0.256 0.363 0.272 0.416   -1.0
0.303 0.461 0.451 0.285   -1.0
0.822 0.965 0.392 0.374   -1.0*
0.477 0.648 0.016 0.470   -1.0
0.164 0.550 0.009 0.612   -1.0
0.903 0.628 0.323 0.874   1.0
0.739 0.131 0.213 0.011   -1.0
0.469 0.314 0.008 0.920   -1.0
0.084 0.742 0.564 0.476   -1.0
0.534 0.953 0.764 0.550   1.0
0.492 0.714 0.973 0.501   1.0
0.021 0.404 0.955 0.344   -1.0
0.804 0.083 0.409 0.016   -1.0
0.956 0.485 0.408 0.963   1.0
0.007 0.047 0.147 0.572   -1.0
0.263 0.106 0.477 0.027   -1.0
0.900 0.519 0.370 0.873   1.0
0.697 0.894 0.424 0.651   1.0
0.703 0.455 0.321 0.112   -1.0
0.415 0.067 0.957 0.823   1.0
0.363 0.830 0.078 0.510   -1.0
0.601 0.773 0.507 0.078   -1.0
0.163 0.978 0.318 0.534   -1.0
0.338 0.230 0.745 0.762   1.0
0.983 0.465 0.337 0.304   1.0
0.809 0.718 0.644 0.766   1.0
0.675 0.128 0.371 0.753   -1.0
0.772 0.354 0.411 0.279   -1.0
0.210 0.442 0.410 0.528   1.0*
0.261 0.866 0.206 0.005   -1.0
0.088 0.988 0.094 0.425   -1.0
0.670 0.233 0.010 0.315   1.0*
0.551 0.990 0.127 0.922   1.0
0.765 0.694 0.097 0.176   1.0*
0.529 0.386 0.415 0.939   1.0
0.391 0.200 0.780 0.597   -1.0
0.408 0.685 0.194 0.502   -1.0
0.485 0.173 0.343 0.495   -1.0
0.342 0.046 0.477 0.469   1.0*
0.220 0.234 0.662 0.317   -1.0
0.635 0.846 0.795 0.050   1.0
0.709 0.440 0.985 0.489   1.0
0.190 0.897 0.722 0.384   1.0
0.832 0.869 0.572 0.175   1.0
0.059 0.516 0.411 0.536   1.0*
0.379 0.755 0.219 0.040   -1.0
0.629 0.675 0.918 0.424   1.0
0.703 0.133 0.165 0.688   -1.0
0.202 0.878 0.519 0.925   1.0
0.918 0.756 0.131 0.490   1.0
0.495 0.549 0.447 0.906   1.0
0.433 0.284 0.840 0.652   1.0
0.912 0.281 0.999 0.830   1.0
0.724 0.532 0.838 0.889   1.0
0.460 0.091 0.098 0.979   -1.0
0.360 0.897 0.772 0.491   1.0
0.703 0.986 0.936 0.151   1.0
0.020 0.583 0.177 0.861   -1.0
0.501 0.773 0.516 0.501   1.0
0.221 0.225 0.135 0.058   -1.0
0.355 0.518 0.205 0.453   -1.0
0.221 0.813 0.393 0.994   1.0
0.780 0.697 0.291 0.715   1.0
0.183 0.736 0.431 0.360   -1.0
0.667 0.861 0.369 0.183   1.0
0.971 0.403 0.587 0.106   1.0
0.700 0.461 0.979 0.906   1.0
0.476 0.127 0.728 0.869   1.0
0.032 0.649 0.818 0.324   -1.0
0.666 0.507 0.100 0.098   -1.0
0.696 0.764 0.728 0.065   1.0
0.090 0.037 0.350 0.677   -1.0
0.812 0.377 0.604 0.791   1.0
0.519 0.267 0.409 0.246   -1.0
0.530 0.279 0.784 0.348   -1.0
0.148 0.014 0.109 0.248   -1.0
0.976 0.945 0.876 0.704   1.0
0.823 0.794 0.047 0.173   -1.0
0.190 0.985 0.848 0.794   1.0
0.130 0.313 0.043 0.540   -1.0
0.178 0.070 0.838 0.962   1.0
0.441 0.111 0.432 0.550   -1.0
0.544 0.526 0.304 0.420   -1.0
0.314 0.243 0.025 0.362   -1.0
0.496 0.552 0.400 0.344   -1.0
0.176 0.474 0.659 0.219   -1.0
0.219 0.397 0.084 0.057   -1.0
0.501 0.497 0.470 0.933   1.0
0.829 0.477 0.573 0.133   1.0
0.804 0.448 0.139 0.828   1.0
0.555 0.324 0.361 0.955   1.0
0.707 0.131 0.141 0.366   -1.0
0.155 0.585 0.746 0.239   -1.0
0.106 0.740 0.139 0.576   -1.0
0.186 0.405 0.151 0.760   -1.0
0.047 0.563 0.986 0.187   -1.0
0.795 0.742 0.715 0.156   1.0
0.383 0.863 0.828 0.524   1.0
0.177 0.679 0.815 0.924   1.0
0.456 0.029 0.658 0.596   -1.0
0.331 0.782 0.010 0.482   -1.0
0.548 0.530 0.105 0.534   -1.0
0.496 0.328 0.458 0.212   -1.0
0.154 0.594 0.348 0.982   1.0
0.577 0.160 0.797 0.392   -1.0
0.715 0.848 0.113 0.373   1.0
0.718 0.704 0.226 0.728   1.0
0.768 0.275 0.716 0.873   1.0
0.432 0.369 0.137 0.890   -1.0
0.622 0.044 0.175 0.970   -1.0
0.294 0.547 0.186 0.091   -1.0
0.269 0.806 0.787 0.382   1.0
0.231 0.100 0.883 0.457   -1.0
0.069 0.225 0.103 0.785   -1.0
0.912 0.218 0.468 0.050   -1.0
0.049 0.672 0.152 0.224   -1.0
0.178 0.518 0.188 0.364   -1.0
0.127 0.634 0.415 0.914   1.0
0.593 0.146 0.116 0.476   -1.0
0.944 0.546 0.828 0.047   1.0
0.927 0.959 0.549 0.395   1.0
0.657 0.444 0.680 0.808   1.0
0.321 0.987 0.186 0.509   1.0
0.795 0.636 0.985 0.210   1.0
0.000 0.803 0.696 0.116   -1.0
0.299 0.060 0.826 0.128   -1.0
0.157 0.054 0.065 0.706   -1.0
0.074 0.362 0.893 0.754   1.0
0.561 0.075 0.158 0.747   -1.0
0.509 0.543 0.220 0.493   -1.0
0.771 0.494 0.556 0.467   1.0
0.836 0.766 0.670 0.661   1.0
0.776 0.818 0.948 0.841   1.0
0.398 0.915 0.887 0.291   1.0
0.057 0.852 0.743 0.215   -1.0
0.327 0.724 0.142 0.548   -1.0
0.894 0.319 0.711 0.450   1.0
0.321 0.286 0.552 0.990   1.0
0.446 0.766 0.765 0.395   1.0
0.289 0.792 0.523 0.176   -1.0
0.192 0.233 0.934 0.935   1.0
0.534 0.263 0.172 0.675   -1.0
0.389 0.570 0.129 0.100   -1.0
0.915 0.421 0.305 0.467   1.0
0.252 0.914 0.178 0.017   -1.0
0.786 0.306 0.100 0.309   -1.0
0.183 0.500 0.715 0.117   -1.0
0.164 0.651 0.698 0.336   -1.0
0.509 0.726 0.896 0.638   1.0
0.915 0.553 0.247 0.221   -1.0
0.658 0.473 0.934 0.835   1.0
0.242 0.621 0.796 0.343   1.0
0.278 0.526 0.430 0.993   1.0
0.865 0.157 0.294 0.564   -1.0
0.621 0.072 0.219 0.517   -1.0
0.045 0.432 0.263 0.291   -1.0
0.284 0.949 0.125 0.218   -1.0
0.615 0.460 0.405 0.411   -1.0
0.334 0.688 0.329 0.764   1.0
0.972 0.629 0.839 0.267   1.0
0.332 0.888 0.265 0.551   1.0
0.975 0.596 0.836 0.238   1.0
0.489 0.522 0.835 0.614   1.0
0.619 0.229 0.200 0.024   -1.0
0.003 0.359 0.328 0.332   -1.0
0.010 0.304 0.752 0.849   -1.0
0.945 0.181 0.459 0.210   -1.0
0.863 0.186 0.328 0.699   1.0
0.214 0.188 0.946 0.050   -1.0
0.686 0.669 0.031 0.886   1.0
0.671 0.888 0.053 0.999   1.0
0.175 0.008 0.524 0.928   -1.0
0.095 0.873 0.038 0.554   -1.0
0.770 0.417 0.269 0.098   -1.0
0.693 0.312 0.305 0.640   -1.0
0.107 0.326 0.031 0.139   -1.0
0.725 0.809 0.100 0.778   1.0
0.320 0.953 0.816 0.844   1.0
0.673 0.939 0.754 0.711   1.0
0.837 0.480 0.910 0.106   1.0
0.026 0.800 0.890 0.331   1.0
0.252 0.438 0.765 0.283   -1.0
0.976 0.008 0.386 0.076   -1.0
0.194 0.396 0.739 0.010   -1.0
0.620 0.683 0.180 0.373   -1.0
0.673 0.210 0.874 0.583   1.0
0.451 0.610 0.116 0.341   -1.0
0.556 0.593 0.379 0.321   -1.0
0.955 0.297 0.884 0.341   1.0
0.670 0.535 0.770 0.409   1.0
0.010 0.029 0.227 0.190   -1.0
0.620 0.863 0.612 0.494   1.0
0.929 0.945 0.056 0.045   -1.0
0.997 0.601 0.880 0.375   1.0
0.756 0.331 0.219 0.640   -1.0
0.592 0.311 0.206 0.362   -1.0
0.751 0.372 0.748 0.978   1.0
0.150 0.598 0.425 0.762   -1.0
0.872 0.690 0.037 0.928   1.0
0.324 0.925 0.336 0.204   -1.0
0.257 0.960 0.631 0.476   1.0
0.303 0.068 0.911 0.509   -1.0
0.631 0.260 0.802 0.379   1.0
0.364 0.529 0.836 0.789   1.0
0.928 0.661 0.981 0.966   1.0
0.716 0.290 0.514 0.052   -1.0
0.814 0.309 0.454 0.446   1.0
0.054 0.748 0.853 0.965   1.0
0.283 0.596 0.518 0.085   1.0*
0.756 0.448 0.504 0.592   1.0
0.794 0.520 0.897 0.775   1.0
0.486 0.491 0.776 1.000   1.0
0.270 0.814 0.852 0.724   1.0
0.637 0.779 0.008 0.490   -1.0
0.266 0.773 0.340 0.783   1.0
0.315 0.539 0.305 0.818   -1.0
0.542 0.612 0.651 0.440   1.0
0.138 0.926 0.878 0.914   1.0
0.421 0.184 0.740 0.273   -1.0
0.000 0.910 0.687 0.008   -1.0
0.431 0.274 0.173 0.771   -1.0
0.030 0.086 0.596 0.335   -1.0
0.727 0.878 0.516 0.378   1.0
0.904 0.516 0.243 0.782   1.0
0.169 0.203 0.614 0.910   -1.0
0.523 0.910 0.387 0.210   1.0
0.787 0.641 0.192 0.960   1.0
0.249 0.990 0.497 0.845   1.0
0.401 0.571 0.203 0.917   1.0
0.520 0.821 0.465 0.764   1.0
0.895 0.933 0.806 0.509   1.0
0.283 0.031 0.752 0.670   -1.0
0.670 0.456 0.882 0.861   1.0
0.293 0.110 0.406 0.790   1.0*
0.731 0.191 0.526 0.933   1.0
0.475 0.454 0.928 0.940   1.0
0.531 0.835 0.150 0.337   -1.0
0.993 0.620 0.375 0.745   1.0
0.616 0.414 0.746 0.498   1.0
0.162 0.791 0.386 0.567   -1.0
0.340 0.298 0.772 0.866   1.0
0.880 0.342 0.685 0.808   1.0
0.902 0.339 0.117 0.053   -1.0
0.461 0.045 0.297 0.836   -1.0
0.586 0.452 0.204 0.332   1.0*
0.480 0.494 0.742 0.866   1.0
0.323 0.206 0.359 0.095   -1.0
0.591 0.975 0.414 0.276   1.0
0.696 0.179 0.122 0.813   -1.0
0.799 0.274 0.276 0.095   -1.0
0.066 0.681 0.563 0.270   -1.0
0.513 0.750 0.507 0.255   1.0
0.568 0.577 0.821 0.928   1.0
0.894 0.519 0.647 0.307   1.0
0.430 0.003 0.973 0.552   -1.0
0.204 0.351 0.091 0.481   -1.0
0.201 0.546 0.128 0.764   -1.0
0.141 0.277 0.566 0.649   -1.0
0.182 0.217 0.109 0.003   -1.0
0.782 0.897 0.663 0.429   1.0
0.458 0.858 0.208 0.431   -1.0
0.024 0.635 0.762 0.115   -1.0
0.209 0.316 0.662 0.337   -1.0
0.479 0.478 0.357 0.046   -1.0
0.889 0.227 0.344 0.998   1.0
0.488 0.780 0.128 0.151   -1.0
0.332 0.609 0.067 0.540   -1.0
0.478 0.564 0.675 0.240   -1.0
0.791 0.448 0.995 0.454   1.0
0.075 0.933 0.263 0.432   1.0*
0.390 0.321 0.206 0.734   -1.0
0.437 0.222 0.099 0.564   -1.0
0.307 0.896 0.981 0.374   1.0
0.021 0.852 0.000 0.697   -1.0
0.679 0.488 0.540 0.674   1.0
0.325 0.749 0.875 0.589   1.0
0.853 0.979 0.501 0.059   1.0
0.820 0.496 0.934 0.919   1.0
0.307 0.226 0.957 0.288   -1.0
0.393 0.309 0.453 0.393   -1.0
0.545 0.072 0.494 0.085   -1.0
0.435 0.410 0.495 0.310   1.0*
0.675 0.163 0.978 0.176   -1.0
0.690 0.996 0.718 0.624   1.0
0.778 0.930 0.142 0.735   1.0
0.743 0.128 0.527 0.195   -1.0
0.533 0.740 0.593 0.026   -1.0
0.339 0.462 0.235 0.833   -1.0
0.234 0.508 0.935 0.211   -1.0
0.158 0.901 0.681 0.876   1.0
0.596 0.654 0.455 0.738   1.0
0.674 0.481 0.517 0.201   -1.0
0.038 0.734 0.416 0.631   -1.0
0.242 0.969 0.222 0.477   -1.0
0.994 0.711 0.311 0.929   1.0
0.996 0.087 0.823 0.677   -1.0*
0.348 0.273 0.617 0.804   1.0
0.006 0.478 0.492 0.524   -1.0
0.168 0.561 0.412 0.585   -1.0
0.173 0.826 0.162 0.395   -1.0
0.964 0.389 0.014 0.275   -1.0
0.936 0.271 0.406 0.759   1.0
0.369 0.108 0.221 0.986   -1.0
0.232 0.993 0.389 0.724   1.0
0.068 0.893 0.077 0.480   -1.0
0.270 0.653 0.304 0.431   -1.0
0.607 0.395 0.437 0.621   1.0
0.756 0.556 0.942 0.162   1.0
0.889 0.530 0.423 0.110   -1.0
0.335 0.342 0.509 0.724   -1.0
0.025 0.792 0.959 0.102   -1.0
0.437 0.372 0.925 0.740   1.0
0.973 0.347 0.198 0.410   1.0*
0.869 0.166 0.525 0.811   1.0
0.840 0.700 0.858 0.263   1.0
0.374 0.598 0.152 0.883   1.0
0.219 0.908 0.113 0.178   -1.0
0.385 0.614 0.382 0.310   -1.0
0.186 0.283 0.702 0.384   -1.0
0.670 0.253 0.860 0.195   -1.0
0.187 0.035 0.764 0.045   -1.0
0.574 0.419 0.896 0.727   1.0
0.217 0.946 0.210 0.330   -1.0
0.221 0.715 0.738 0.603   1.0
0.092 0.789 0.308 0.794   -1.0
0.002 0.465 0.426 0.861   -1.0
0.490 0.049 0.694 0.254   -1.0
0.992 0.828 0.513 0.888   1.0
0.815 0.105 0.501 0.025   -1.0
0.624 0.246 0.150 0.362   -1.0
0.175 0.454 0.638 0.483   -1.0
0.811 0.485 0.713 0.237   1.0
0.373 0.727 0.395 0.067   1.0*
0.489 0.059 0.810 0.001   -1.0
0.365 0.817 0.052 0.866   1.0
0.486 0.490 0.088 0.636   -1.0
0.938 0.811 0.305 0.576   1.0
0.554 0.387 0.780 0.267   -1.0
0.127 0.640 0.352 0.522   -1.0
0.333 0.011 0.766 0.143   -1.0
0.713 0.508 0.829 0.764   1.0
0.671 0.251 0.863 0.759   1.0
0.715 0.696 0.698 0.020   1.0
0.993 0.574 0.660 0.773   1.0
0.284 0.899 0.480 0.636   1.0
0.187 0.969 0.432 0.952   1.0
0.444 0.665 0.619 0.273   1.0
0.993 0.944 0.680 0.856   1.0
0.567 0.571 0.399 0.265   -1.0
0.672 0.258 0.165 0.331   -1.0
0.005 0.615 0.930 0.485   1.0
0.351 0.672 0.219 0.783   1.0
0.331 0.228 0.290 0.950   -1.0
0.719 0.943 0.445 0.399   1.0
0.147 0.966 0.371 0.547   1.0
0.962 0.218 0.489 0.127   -1.0
0.519 0.132 0.164 0.449   -1.0
0.415 0.800 0.290 0.634   1.0
0.914 0.965 0.811 0.204   1.0
0.312 0.923 0.858 0.757   1.0
0.658 0.904 0.289 0.029   -1.0
0.520 0.991 0.669 0.009   1.0
0.218 0.528 0.249 0.382   1.0*
0.867 0.797 0.777 0.156   1.0
0.360 0.070 0.396 0.171   -1.0
0.311 0.483 0.197 0.169   -1.0
0.520 0.827 0.144 0.809   1.0
0.595 0.329 0.846 0.264   1.0
0.964 0.482 0.867 0.213   1.0
0.844 0.080 0.661 0.621   1.0
0.092 0.981 0.306 0.488   -1.0
0.581 0.798 0.636 0.778   -1.0*
0.876 0.298 0.794 0.020   -1.0
0.649 0.614 0.436 0.495   1.0
0.774 0.459 0.360 0.641   1.0
0.224 0.485 0.751 0.885   1.0
0.987 0.977 0.087 0.293   1.0
0.239 0.874 0.263 0.875   1.0
0.230 0.751 0.950 0.024   -1.0
0.057 0.673 0.385 0.493   -1.0
0.263 0.267 0.626 0.623   -1.0
0.298 0.847 0.393 0.049   -1.0
0.498 0.036 0.708 0.584   -1.0
0.173 0.823 0.203 0.436   -1.0
0.854 0.666 0.449 0.804   1.0
0.219 0.861 0.362 0.604   1.0
0.529 0.867 0.621 0.156   1.0
0.529 0.454 0.336 0.921   1.0
0.068 0.419 0.538 0.776   -1.0
0.867 0.949 0.827 0.070   1.0
0.525 0.925 0.051 0.974   1.0
0.740 0.194 0.590 0.102   -1.0
0.943 0.631 0.665 0.564   1.0
0.154 0.093 0.240 0.491   -1.0
0.743 0.558 0.433 0.281   1.0
0.436 0.149 0.283 0.263   -1.0
0.668 0.788 0.144 0.719   1.0
0.873 0.459 0.956 0.462   1.0
0.754 0.406 0.191 0.418   1.0*
0.978 0.573 0.062 0.219   -1.0
0.076 0.962 0.622 0.509   1.0
0.956 0.945 0.392 0.240   1.0
0.611 0.908 0.996 0.754   1.0
0.759 0.627 0.085 0.715   1.0
0.646 0.469 0.495 0.837   1.0
0.465 0.815 0.460 0.527   1.0
0.524 0.603 0.996 0.146   1.0
0.238 0.102 0.057 0.630   -1.0
0.265 0.241 0.250 0.261   1.0*
0.877 0.020 0.622 0.962   1.0
0.711 0.608 0.204 0.207   -1.0
0.091 0.672 0.260 0.551   -1.0
0.294 0.075 0.802 0.289   -1.0
0.915 0.528 0.323 0.972   1.0
0.665 0.237 0.398 0.915   1.0
0.393 0.791 0.518 0.015   -1.0
0.253 0.727 0.361 0.457   -1.0
0.805 0.547 0.605 0.065   1.0
0.804 0.359 0.173 0.607   -1.0
0.394 0.521 0.176 0.716   -1.0
0.334 0.381 0.730 0.732   1.0
0.227 0.126 0.087 0.745   -1.0
0.840 0.998 0.868 0.201   1.0
0.801 0.006 0.002 0.406   -1.0
0.100 0.210 0.431 0.274   -1.0
0.079 0.667 0.338 0.255   -1.0
0.831 0.589 0.764 0.561   1.0
0.060 0.788 0.447 0.147   -1.0
0.588 0.987 0.531 0.456   1.0
0.986 0.257 0.194 0.988   1.0
0.266 0.088 0.874 0.697   -1.0
0.691 0.776 0.029 0.029   -1.0
0.412 0.860 0.621 0.177   1.0
0.943 0.237 0.209 0.390   -1.0
0.743 0.978 0.371 0.274   1.0
0.558 0.260 0.691 0.753   1.0
0.355 0.019 0.336 0.228   -1.0
0.697 0.919 0.492 0.726   1.0
0.524 0.138 0.809 0.145   -1.0
0.230 0.088 0.552 0.439   -1.0
0.936 0.182 0.456 0.306   -1.0
0.890 0.864 0.715 0.582   1.0
0.963 0.936 0.636 0.299   1.0
0.352 0.996 0.084 0.843   1.0
0.032 0.367 0.861 0.841   1.0
0.176 0.071 0.599 0.728   -1.0
0.077 0.663 0.691 0.533   1.0*
0.147 0.423 0.834 0.862   1.0
0.451 0.825 0.941 0.087   1.0
0.106 0.438 0.120 0.190   -1.0
0.842 0.222 0.649 0.703   1.0
0.161 0.878 0.134 0.760   -1.0
0.644 0.837 0.269 0.335   1.0
0.239 0.482 0.794 0.073   -1.0
0.799 0.524 0.170 0.740   1.0
0.294 0.846 0.049 0.413   -1.0
0.331 0.255 0.258 0.980   1.0*
0.321 0.141 0.837 0.455   -1.0
0.443 0.099 0.739 0.712   -1.0
0.109 0.951 0.916 0.904   1.0
0.260 0.703 0.548 0.430   -1.0
0.159 0.723 0.290 0.208   -1.0
0.326 0.539 0.392 0.584   -1.0
0.350 0.905 0.660 0.187   1.0
0.561 0.630 0.459 0.300   -1.0
0.892 0.410 0.293 0.808   1.0
0.317 0.068 0.016 0.865   -1.0
0.459 0.023 0.221 0.749   -1.0
0.358 0.075 0.770 0.751   -1.0
0.289 0.101 0.564 0.949   -1.0
0.924 0.510 0.918 0.383   1.0
0.260 0.276 0.219 0.553   -1.0
0.532 0.870 0.152 0.548   1.0
0.650 0.007 0.758 0.871   1.0
0.989 0.230 0.831 0.759   -1.0*
0.490 0.048 0.081 0.054   1.0*
0.369 0.978 0.506 0.287   1.0
0.316 0.547 0.636 0.535   1.0
0.720 0.068 0.970 0.872   1.0
0.705 0.522 0.624 0.463   1.0
0.380 0.452 0.623 0.211   -1.0
0.604 0.700 0.259 0.685   1.0
0.256 0.054 0.732 0.762   -1.0
0.093 0.078 0.888 0.729   -1.0
0.988 0.449 0.682 0.957   1.0
0.298 0.662 0.843 0.921   1.0
0.237 0.301 0.577 0.860   -1.0
0.788 0.464 0.212 0.048   -1.0
0.966 0.304 0.203 0.697   1.0
0.545 0.790 0.144 0.433   -1.0
0.758 0.420 0.968 0.439   1.0
0.290 0.737 0.040 0.133   -1.0
0.164 0.370 0.959 0.741   1.0
0.471 0.529 0.695 0.683   1.0
0.844 0.648 0.881 0.047   1.0
0.946 0.592 0.136 0.090   -1.0
0.655 0.848 0.445 0.623   1.0
0.822 0.913 0.024 0.862   1.0
0.682 0.026 0.416 0.642   -1.0
0.647 0.112 0.296 0.341   -1.0
0.874 0.185 0.443 0.754   1.0
0.789 0.701 0.824 0.925   1.0
0.848 0.579 0.639 0.293   1.0
0.927 0.115 0.115 0.951   -1.0*
0.161 0.633 0.003 0.577   -1.0
0.771 0.223 0.387 0.067   -1.0
0.182 0.941 0.749 0.625   1.0
0.982 0.414 0.395 0.806   1.0
0.186 0.654 0.918 0.826   1.0
0.121 0.752 0.063 0.236   -1.0
0.040 0.396 0.336 0.044   1.0*
0.611 0.814 0.196 0.998   1.0
0.760 0.180 0.822 0.510   1.0
0.517 0.491 0.220 0.912   1.0
0.559 0.098 0.951 0.477   1.0
0.898 0.598 0.676 0.961   1.0
0.379 0.001 0.230 0.715   -1.0
0.203 0.326 0.859 0.399   -1.0
0.740 0.159 0.504 0.562   -1.0
0.310 0.078 0.160 0.530   1.0*
0.457 0.089 0.088 0.408   -1.0
0.012 0.306 0.165 0.689   -1.0
0.998 0.068 0.269 0.228   -1.0
0.314 0.431 0.109 0.172   -1.0
0.434 0.912 0.988 0.938   1.0
0.656 0.248 0.552 0.816   1.0
0.542 0.273 0.867 0.631   1.0
0.433 0.643 0.987 0.598   1.0
0.255 0.596 0.400 0.524   -1.0
0.183 0.837 0.255 0.292   -1.0
0.084 0.726 0.922 0.072   -1.0
0.396 0.728 0.912 0.949   1.0
0.689 0.491 0.818 0.556   1.0
0.499 0.990 0.765 0.486   1.0
0.097 0.741 0.184 0.497   -1.0
0.008 0.680 0.103 0.263   1.0*
0.112 0.347 0.697 0.035   -1.0
0.361 0.431 0.148 0.273   -1.0
0.692 0.962 0.871 0.510   1.0
0.993 0.009 0.508 0.759   1.0
0.096 0.856 0.236 0.280   -1.0
0.501 0.289 0.033 0.603   -1.0
0.004 0.716 0.900 0.702   1.0
0.319 0.063 0.182 0.467   -1.0
0.562 0.160 0.297 0.433   -1.0
0.816 0.426 0.678 0.324   1.0
0.173 0.420 0.041 0.409   -1.0
0.394 0.909 0.989 0.427   1.0
0.541 0.431 0.229 0.441   -1.0
0.979 0.760 0.196 0.161   1.0
0.531 0.723 0.387 0.828   1.0
0.056 0.644 0.583 0.735   -1.0*
0.768 0.907 0.389 0.809   1.0
0.089 0.203 0.225 0.078   -1.0
0.738 0.620 0.061 0.967   1.0
0.193 0.946 0.821 0.389   1.0
0.049 0.920 0.831 0.436   1.0
0.987 0.492 0.393 0.570   1.0
0.361 0.338 0.134 0.750   -1.0
0.450 0.839 0.350 0.675   1.0
0.980 0.413 0.537 0.041   -1.0
0.598 0.234 0.327 0.420   -1.0
0.434 0.468 0.544 0.265   -1.0
0.292 0.253 0.396 0.685   -1.0
0.622 0.046 0.161 0.756   -1.0
0.309 0.206 0.635 0.659   -1.0
0.552 0.639 0.294 0.089   -1.0
0.674 0.687 0.914 0.001   1.0
0.537 0.435 0.575 0.081   -1.0
0.479 0.373 0.954 0.874   1.0
0.777 0.497 0.104 0.938   1.0
0.900 0.247 0.458 0.535   1.0
0.339 0.087 0.545 0.633   -1.0
0.225 0.307 0.863 0.139   -1.0
0.970 0.677 0.744 0.545   1.0
0.445 0.024 0.131 0.398   -1.0
0.189 0.175 0.395 0.293   -1.0
0.648 0.193 0.359 0.106   -1.0
0.265 0.445 0.815 0.810   1.0
0.991 0.035 0.385 0.854   1.0
0.693 0.825 0.851 0.437   1.0
0.609 0.882 0.394 0.739   1.0
0.292 0.928 0.455 0.688   1.0
0.567 0.335 0.415 0.927   1.0
0.143 0.192 0.887 0.958   1.0
0.964 0.949 0.037 0.350   1.0
0.211 0.043 0.628 0.062   -1.0
0.998 0.671 0.362 0.391   1.0
0.642 0.684 0.338 0.096   -1.0
0.559 0.663 0.707 0.974   1.0
0.149 0.117 0.782 0.035   -1.0
0.784 1.000 0.023 0.821   1.0
0.827 0.032 0.392 0.454   -1.0
0.872 0.452 0.765 0.234   1.0
0.175 0.876 0.527 0.513   -1.0*
0.899 0.073 0.636 0.606   1.0
0.226 0.754 0.163 0.008   -1.0
0.238 0.791 0.789 0.261   1.0
0.138 0.087 0.644 0.530   -1.0
0.738 0.403 0.994 0.503   1.0
0.837 0.679 0.514 0.364   1.0
0.486 0.263 0.265 0.122   -1.0
0.311 0.348 0.623 0.474   -1.0
0.413 0.712 0.147 0.202   1.0*
0.758 0.340 0.060 0.402   -1.0
0.602 0.140 0.274 0.596   -1.0
0.911 0.433 0.322 0.424   1.0
0.514 0.911 0.060 0.779   1.0
0.929 0.090 0.381 0.552   -1.0
0.736 0.965 0.277 0.883   1.0
0.250 0.642 0.508 0.310   -1.0
0.379 0.912 0.184 0.652   1.0
0.827 0.563 0.940 0.149   -1.0*
0.737 0.664 0.898 0.796   1.0
0.931 0.725 0.533 0.311   1.0
0.098 0.048 0.243 0.375   -1.0
0.411 0.624 0.572 0.919   1.0
0.616 0.297 0.846 0.800   1.0
0.353 0.627 0.513 0.293   -1.0
0.500 0.029 0.441 0.399   -1.0
0.883 0.329 0.551 0.416   1.0
0.829 0.515 0.689 0.073   1.0
0.619 0.484 0.514 0.192   -1.0
0.448 0.808 0.700 0.294   1.0
0.650 0.647 0.235 0.163   -1.0
0.012 0.663 0.970 0.453   1.0
0.796 0.336 0.391 0.347   -1.0
0.032 0.176 0.267 0.721   -1.0
0.156 0.340 0.733 0.670   -1.0
0.135 0.118 0.340 0.835   -1.0
0.948 0.485 0.059 0.183   -1.0
1.000 0.195 0.311 0.969   1.0
0.372 0.765 0.984 0.763   1.0
0.736 0.795 0.288 0.003   -1.0
0.537 0.160 0.856 0.270   -1.0
0.388 0.405 0.948 0.728   1.0
0.360 0.675 0.725 0.420   1.0
0.372 0.419 0.054 0.683   -1.0
0.702 0.055 0.153 0.685   -1.0
0.265 0.422 0.614 0.553   -1.0
0.130 0.090 0.585 0.986   -1.0
0.415 0.374 0.764 0.363   -1.0
0.004 0.723 0.777 0.729   1.0
0.635 0.101 0.563 0.689   -1.0
0.951 0.390 0.840 0.104   1.0
0.658 0.369 0.497 0.273   -1.0
0.922 0.403 0.012 0.507   -1.0
0.371 0.922 0.763 0.135   1.0
0.864 0.139 0.008 0.641   -1.0
0.151 0.276 0.969 0.714   -1.0*
0.753 0.665 0.354 0.593   1.0
0.430 0.251 0.139 0.927   -1.0
0.061 0.849 0.927 0.072   -1.0
0.315 0.443 0.278 0.078   -1.0
0.562 0.942 0.717 0.570   1.0
0.585 0.721 0.858 0.554   1.0
0.822 0.307 0.100 0.176   -1.0
0.869 0.606 0.151 0.008   -1.0
0.675 0.069 0.382 0.602   -1.0
0.739 0.917 0.585 0.016   -1.0*
0.163 0.579 0.937 0.880   1.0
0.520 0.465 0.870 0.378   1.0
0.305 0.200 0.327 0.404   -1.0
0.227 0.274 0.983 0.379   -1.0
0.516 0.054 0.350 0.898   -1.0
0.491 0.637 0.573 0.076   -1.0
0.569 0.239 0.232 0.506   -1.0
0.380 0.026 0.584 0.250   -1.0
0.604 0.555 0.604 0.931   -1.0*
0.981 0.158 0.233 0.963   1.0
0.514 0.479 0.590 0.864   1.0
0.246 0.356 0.014 0.819   -1.0
0.667 0.388 0.670 0.899   1.0
0.789 0.279 0.920 0.373   1.0
0.325 0.978 0.084 0.929   1.0
0.043 0.910 0.067 0.276   -1.0
0.603 0.790 0.352 0.194   -1.0
0.730 0.440 0.010 0.744   -1.0
0.441 0.411 0.648 0.111   -1.0
0.542 0.900 0.589 0.462   1.0
0.118 0.787 0.251 0.202   -1.0
0.160 0.245 0.625 0.227   -1.0
0.498 0.830 0.311 0.850   1.0
0.966 0.580 0.463 0.976   1.0
0.723 0.417 0.735 0.370   1.0
0.044 0.912 0.429 0.633   1.0
0.703 0.751 0.161 0.954   -1.0*
0.877 0.114 0.198 0.502   -1.0
0.719 1.000 0.171 0.030   -1.0
0.194 0.996 0.430 0.657   -1.0*
0.754 0.380 0.389 0.489   1.0
0.917 0.534 0.662 0.346   1.0
0.036 0.049 0.918 0.197   -1.0
0.871 0.074 0.118 0.069   -1.0
0.458 0.788 0.575 0.629   1.0
0.426 0.823 0.814 0.856   1.0
0.785 0.610 0.860 0.174   1.0
0.610 0.091 0.633 0.272   -1.0
0.800 0.309 0.486 0.718   1.0
0.489 0.589 0.580 0.607   1.0
0.156 0.065 0.446 0.731   -1.0
0.264 0.157 0.517 0.077   -1.0
0.997 0.863 0.623 0.857   1.0
0.723 0.467 0.127 0.356   -1.0
0.564 0.156 0.048 0.050   -1.0
0.554 0.539 0.462 0.134   -1.0
0.119 0.290 0.210 0.565   -1.0
0.904 0.829 0.178 0.421   1.0
0.190 0.418 0.769 0.813   1.0
0.805 0.536 0.742 0.932   1.0
0.482 0.495 0.047 0.530   -1.0
0.920 0.085 0.083 0.382   -1.0
0.229 0.502 0.509 0.439   -1.0
0.530 0.343 0.895 0.708   1.0
0.801 0.898 0.182 0.570   1.0
0.457 0.374 0.247 0.199   -1.0
0.139 0.681 0.801 0.186   -1.0
0.346 0.106 0.296 0.430   -1.0
0.515 0.658 0.990 0.024   1.0
0.057 0.554 0.441 0.952   1.0
0.205 0.753 0.159 0.387   -1.0
0.870 0.845 0.697 0.118   1.0
0.003 0.256 0.725 0.804   -1.0
0.937 0.151 0.549 0.233   -1.0
0.037 0.748 0.238 0.027   -1.0
0.336 0.084 0.325 0.777   -1.0
0.587 0.982 0.789 0.746   1.0
0.112 0.616 0.214 0.809   -1.0
0.258 0.812 0.991 0.983   1.0
0.433 0.920 0.767 0.982   1.0
0.347 0.019 0.900 0.586   -1.0
0.672 0.922 0.130 0.997   1.0
0.166 0.584 0.680 0.954   1.0
0.049 0.066 0.946 0.263   -1.0
0.680 0.520 0.688 0.671   1.0
0.305 0.104 0.423 0.072   -1.0
0.576 0.419 0.104 0.476   -1.0
0.150 0.148 0.927 0.280   -1.0
0.625 0.445 0.729 0.305   1.0
0.059 0.354 0.466 0.005   -1.0
0.342 0.686 0.137 0.029   -1.0
0.640 0.334 0.460 0.064   -1.0
0.546 0.640 0.825 0.650   1.0
0.830 0.800 0.264 0.757   1.0
0.410 0.382 0.526 0.139   -1.0
0.925 0.198 0.041 0.392   -1.0
0.658 0.733 0.889 0.795   1.0
0.245 0.435 0.096 0.706   -1.0
0.502 0.251 0.139 0.327   -1.0
0.255 0.157 0.702 0.519   -1.0
0.782 0.929 0.297 0.307   1.0
0.984 0.233 0.265 0.026   -1.0
0.469 0.683 0.357 0.357   -1.0
0.120 0.602 0.913 0.216   -1.0
0.412 0.718 0.559 0.550   1.0
0.461 0.805 0.202 0.162   -1.0
0.117 0.944 0.253 0.414   -1.0
0.320 0.398 0.484 0.586   -1.0
0.108 0.054 0.107 0.465   -1.0
0.586 0.585 0.014 0.499   -1.0
0.322 0.911 0.518 0.881   1.0
0.563 0.342 0.266 0.765   -1.0
0.590 0.882 0.449 0.843   1.0
0.700 0.164 0.694 0.184   -1.0
0.118 0.292 0.804 0.225   -1.0
0.216 0.811 0.342 0.230   -1.0
0.143 0.552 0.220 0.661   -1.0
0.681 0.224 0.775 0.948   -1.0*
0.280 0.538 0.872 0.728   1.0
0.167 0.428 0.545 0.861   1.0
0.295 0.979 0.904 0.099   1.0
0.661 0.315 0.016 0.004   -1.0
0.325 0.147 0.096 0.546   -1.0
0.530 0.227 0.033 0.305   -1.0
0.022 0.585 0.713 0.894   1.0
0.095 0.061 0.741 0.640   -1.0
0.353 0.935 0.902 0.258   1.0
0.107 0.919 0.349 0.122   -1.0
0.893 0.447 0.069 0.990   -1.0*
0.877 0.519 0.220 0.910   1.0
0.395 0.932 0.409 0.107   -1.0
0.722 0.202 0.887 0.463   1.0
0.810 0.816 0.777 0.712   1.0
0.811 0.818 0.993 0.160   1.0
0.915 0.053 0.388 0.985   1.0
0.381 0.862 0.563 0.601   1.0
0.387 0.995 0.705 0.796   1.0
0.531 0.517 0.305 0.418   1.0*
0.147 0.228 0.796 0.923   1.0
0.870 0.734 0.758 0.863   1.0
0.699 0.779 0.947 0.087   1.0
0.990 0.468 0.626 0.553   1.0
0.398 0.940 0.064 0.103   -1.0
0.166 0.633 0.253 0.471   -1.0
0.233 0.617 0.280 0.029   -1.0
0.220 0.900 0.275 0.978   1.0
0.169 0.677 0.541 0.117   -1.0
0.305 0.107 0.232 0.930   -1.0
0.300 0.328 0.600 0.364   -1.0
0.335 0.530 0.064 0.588   -1.0
0.116 0.821 0.619 0.395   -1.0
0.159 0.615 0.750 0.435   -1.0
0.513 0.604 0.270 0.054   -1.0
0.034 0.358 0.828 0.266   -1.0
0.488 0.566 0.617 0.087   -1.0
0.048 0.423 0.460 0.112   -1.0
0.461 0.228 0.832 0.080   -1.0
0.682 0.239 0.238 0.432   -1.0
0.831 0.944 0.278 0.101   -1.0*
0.998 0.135 0.356 0.826   1.0
0.645 0.313 0.967 0.262   1.0
0.897 0.310 0.823 0.358   1.0
0.834 0.819 0.650 0.666   1.0
0.273 0.348 0.138 0.512   -1.0
0.812 0.342 0.724 0.090   -1.0
0.722 0.088 0.578 0.078   -1.0
0.979 0.723 0.228 0.946   -1.0*
0.628 0.843 0.295 0.452   1.0
0.717 0.286 0.020 0.368   1.0*
0.919 0.641 0.299 0.057   -1.0
0.078 0.869 0.495 0.802   -1.0*
0.938 0.524 0.048 0.516   1.0
0.962 0.495 0.325 0.190   -1.0
0.311 0.818 0.285 0.606   1.0
0.486 0.323 0.555 0.506   -1.0
0.507 0.425 0.332 0.806   1.0
0.485 0.884 0.351 0.980   1.0
0.310 0.918 0.210 0.358   -1.0
0.812 0.320 0.930 0.137   1.0
0.371 0.448 0.328 0.656   -1.0
0.598 0.142 0.377 0.153   -1.0
0.068 0.660 0.073 0.401   -1.0
0.554 0.885 0.350 0.905   1.0
0.036 0.216 0.783 0.245   -1.0
0.217 0.057 0.894 0.147   -1.0
0.404 0.518 0.643 0.732   1.0
0.697 0.329 0.317 0.074   -1.0
0.965 0.143 0.142 0.037   -1.0
0.608 0.591 0.428 0.958   1.0
0.293 0.993 0.712 0.075   1.0
0.286 0.292 0.296 0.180   -1.0
0.490 0.584 0.957 0.133   1.0
0.132 0.830 0.645 0.449   1.0
0.127 0.414 0.046 0.269   -1.0
0.589 0.877 0.042 0.017   -1.0
0.539 0.310 0.828 0.252   -1.0
0.067 0.538 0.678 0.363   -1.0
0.117 0.854 0.302 0.074   1.0*
0.618 0.207 0.816 0.263   -1.0
0.720 0.390 0.069 0.766   -1.0
0.520 0.355 0.537 0.562   -1.0
0.372 0.101 0.683 0.200   -1.0
0.068 0.267 0.891 0.746   -1.0
0.609 0.863 0.484 0.911   1.0
0.471 0.529 0.144 0.287   -1.0
0.800 0.006 0.182 0.869   -1.0
0.842 0.389 0.127 0.378   1.0*
0.500 0.750 0.053 0.183   1.0*
0.406 0.251 0.218 0.296   1.0*
0.849 0.905 0.860 0.332   1.0
0.798 0.803 0.346 0.942   1.0
0.137 0.742 0.096 0.319   -1.0
0.868 0.161 0.999 0.996   1.0
0.950 0.496 0.290 0.003   -1.0
0.240 0.409 0.929 0.459   1.0
0.926 0.307 0.611 0.786   1.0
0.427 0.584 0.443 0.773   1.0
0.532 0.910 0.267 0.628   1.0
0.878 0.496 0.390 0.877   1.0
0.930 0.827 0.988 0.220   1.0
0.666 0.460 0.239 0.596   -1.0
0.944 0.522 0.226 0.554   1.0
0.865 0.981 0.892 0.308   1.0
0.418 0.840 0.664 0.685   1.0
0.893 0.562 0.964 0.284   1.0
0.457 0.213 0.266 0.445   -1.0
0.096 0.111 0.893 0.335   -1.0
0.811 0.279 0.228 0.037   -1.0
0.537 0.902 0.814 0.429   1.0
0.568 0.846 0.049 0.232   -1.0
0.517 0.125 0.094 0.482   -1.0
0.533 0.938 0.622 0.799   1.0
0.055 0.896 0.494 0.948   1.0
0.200 0.759 0.510 0.429   -1.0
0.343 0.965 0.698 0.157   1.0
0.907 0.725 0.240 0.957   -1.0*
0.772 0.474 0.082 0.866   -1.0*
0.491 0.399 0.893 0.113   -1.0
0.276 0.168 0.094 0.770   -1.0
0.324 0.970 0.874 0.834   1.0
0.670 0.177 0.363 0.367   -1.0
0.757 0.275 0.059 0.998   1.0
0.016 0.769 0.705 0.099   -1.0
0.660 0.590 0.034 0.554   -1.0
0.232 0.830 0.871 0.325   1.0
0.986 0.650 0.569 0.861   1.0
0.968 0.530 0.661 0.331   1.0
0.994 0.088 0.173 0.053   -1.0
0.404 0.070 0.855 0.109   -1.0
0.490 0.769 0.759 0.524   1.0
0.462 0.755 0.153 0.333   -1.0
0.752 0.319 0.730 0.322   1.0
0.214 0.289 0.710 0.875   1.0
0.608 0.869 0.709 0.781   1.0
0.795 0.185 0.992 0.650   1.0
0.161 0.140 0.063 0.919   -1.0
0.386 0.381 0.419 0.538   -1.0
0.500 0.291 0.033 0.230   -1.0
0.213 0.445 0.902 0.923   1.0
0.523 0.532 0.189 0.231   -1.0
0.112 0.026 0.497 0.104   -1.0
0.791 0.265 0.816 0.853   1.0
0.480 0.239 0.566 0.900   1.0
0.280 0.400 0.068 0.313   -1.0
0.681 0.526 0.075 0.583   -1.0
0.394 0.105 0.981 0.583   1.0
0.293 0.695 0.363 0.791   1.0
0.039 0.581 0.064 0.856   -1.0
0.248 0.336 0.674 0.814   1.0
0.451 0.093 0.635 0.520   -1.0
0.265 0.201 0.932 0.340   -1.0
0.381 0.734 0.889 0.362   1.0
0.226 0.655 0.013 0.589   -1.0
0.811 0.628 0.027 0.875   1.0
0.462 0.123 0.820 0.136   -1.0
0.056 0.587 0.030 0.691   -1.0
0.437 0.956 0.308 0.368   1.0
0.091 0.749 0.030 0.980   -1.0
0.348 0.206 0.766 0.360   -1.0
0.212 0.172 0.423 0.239   -1.0
0.906 0.701 0.170 0.726   1.0
0.107 0.782 0.424 0.138   -1.0
0.531 0.574 0.429 0.839   1.0
0.725 0.930 0.692 0.755   1.0
0.804 0.102 0.116 0.570   -1.0
0.911 0.782 0.634 0.334   1.0
0.681 0.240 0.723 0.851   -1.0*
0.560 0.959 0.748 0.984   1.0
0.221 0.516 0.671 0.650   1.0
0.614 0.374 0.285 0.307   -1.0
0.195 0.110 0.231 0.312   -1.0
0.694 0.223 0.463 0.328   -1.0
0.484 0.009 0.798 0.207   -1.0
0.764 0.767 0.820 0.513   1.0
0.917 0.734 0.267 0.588   1.0
0.621 0.202 0.758 0.906   1.0
0.887 0.102 0.619 0.118   -1.0
0.300 0.812 0.637 0.762   1.0
0.194 0.246 0.149 0.992   -1.0
0.010 0.756 0.220 0.830   -1.0
0.970 0.747 0.002 0.237   -1.0
0.386 0.858 0.537 0.143   -1.0
0.046 0.030 0.866 0.665   -1.0
0.280 0.965 0.959 0.917   1.0
0.099 0.111 0.973 0.249   -1.0
0.426 0.259 0.858 0.646   1.0
0.127 0.617 0.835 0.129   -1.0
0.170 0.515 0.712 0.707   1.0
0.477 0.753 0.688 0.343   1.0
0.835 0.623 0.383 0.795   1.0
0.110 0.894 0.651 0.084   -1.0
0.754 0.510 0.401 0.612   1.0
0.489 0.739 0.773 0.325   1.0
0.626 0.494 0.383 0.338   -1.0
0.041 0.815 0.954 0.729   1.0
0.372 0.564 0.781 0.756   1.0
0.321 0.866 0.252 0.972   1.0
0.395 0.726 0.459 0.796   1.0
0.616 0.285 0.077 0.388   -1.0
0.945 0.015 0.104 0.328   -1.0
0.305 0.369 0.168 0.260   -1.0
0.326 0.632 0.662 0.107   -1.0
0.020 0.428 0.253 0.273   -1.0
0.203 0.667 0.126 0.662   -1.0
0.464 0.278 0.748 0.540   1.0
0.357 0.486 0.681 0.461   -1.0
0.034 0.767 0.183 0.202   -1.0
0.281 0.528 0.659 0.943   1.0
0.046 0.963 0.062 0.300   -1.0
0.462 0.502 0.902 0.587   1.0
0.365 0.051 0.442 0.113   -1.0
0.108 0.470 0.077 0.789   -1.0
0.891 0.823 0.698 0.074   1.0
0.725 0.355 0.553 0.383   1.0
0.187 0.429 0.260 0.249   -1.0
0.495 0.711 0.232 0.398   -1.0
0.396 0.763 0.349 0.839   1.0
0.941 0.947 0.345 0.018   1.0
0.277 0.909 0.559 0.975   -1.0*
0.584 0.700 0.337 0.137   -1.0
0.634 0.324 0.512 0.894   1.0
0.241 0.389 0.284 0.473   -1.0
0.582 0.869 0.549 0.931   1.0
0.425 0.872 0.654 0.770   1.0
0.391 0.047 0.799 0.950   1.0
0.781 0.534 0.722 0.118   1.0
0.805 0.753 0.995 0.317   1.0
0.568 0.558 0.036 0.852   1.0
0.823 0.434 0.900 0.372   1.0
0.607 0.797 0.237 0.262   -1.0
0.127 0.652 0.614 0.926   1.0
0.637 0.707 0.136 0.359   -1.0
0.807 0.164 0.578 0.803   1.0
0.224 0.371 0.039 0.260   -1.0
0.070 0.083 0.657 0.970   -1.0
0.022 0.578 0.251 0.259   -1.0
0.818 0.386 0.491 0.433   1.0
0.093 0.069 0.018 0.229   -1.0
0.844 0.037 0.592 0.421   -1.0
0.073 0.645 0.210 0.112   -1.0
0.432 0.183 0.988 0.089   -1.0
0.442 0.111 0.730 0.694   -1.0
0.569 0.512 0.756 0.061   -1.0
0.067 0.154 0.014 0.085   -1.0
0.442 0.929 0.420 0.034   -1.0
0.259 0.107 0.996 0.469   -1.0
0.901 0.902 0.401 0.889   -1.0*
0.554 0.332 0.101 0.285   -1.0
0.471 0.854 0.537 0.226   1.0
0.482 0.293 0.069 0.495   -1.0
0.452 0.937 0.308 0.872   -1.0*
0.658 0.131 0.078 0.654   -1.0
0.296 0.555 0.501 0.698   1.0
0.492 0.252 0.775 0.593   1.0
0.801 0.064 0.391 0.338   -1.0
0.306 0.820 0.584 0.374   1.0
0.963 0.826 0.252 0.271   1.0
0.223 0.929 0.829 0.301   1.0
0.429 0.598 0.138 0.930   1.0
0.582 0.422 0.548 0.357   -1.0
0.084 0.158 0.079 0.475   -1.0
0.369 0.781 0.315 0.953   1.0
0.630 0.916 0.982 0.883   1.0
0.679 0.106 0.116 0.508   -1.0
0.699 0.937 0.005 0.837   1.0
0.300 0.418 0.289 0.848   -1.0
0.304 0.932 0.933 0.383   1.0
0.429 0.752 0.189 0.744   1.0
0.344 0.375 0.622 0.326   -1.0
0.809 0.005 0.364 0.925   1.0
0.771 0.624 0.451 0.776   1.0
0.317 0.076 0.879 0.606   -1.0
0.654 0.910 0.857 0.588   1.0
0.265 0.017 0.045 0.453   -1.0
0.750 0.798 0.136 0.372   1.0
0.393 0.181 0.129 0.757   -1.0
0.643 0.528 0.730 0.094   -1.0
0.191 0.411 0.380 0.070   -1.0
0.305 0.724 0.927 0.161   1.0
0.219 0.426 0.328 0.264   -1.0
0.089 0.014 0.677 0.225   -1.0
0.801 0.618 0.568 0.930   1.0
0.674 0.574 0.903 0.404   1.0
0.207 0.595 0.078 0.588   -1.0
0.095 0.892 0.388 0.022   -1.0
0.700 0.241 0.480 0.028   -1.0
0.359 0.118 0.520 0.036   -1.0
0.906 0.838 0.960 0.474   1.0
0.335 0.148 0.342 0.238   -1.0
0.009 0.445 0.147 0.087   -1.0
0.811 0.182 0.926 0.199   1.0
0.979 0.899 0.445 0.459   1.0
0.950 0.818 0.045 0.470   1.0
0.388 0.376 0.693 0.348   -1.0
0.461 0.683 0.999 0.802   1.0
0.551 0.811 0.367 0.698   1.0
0.400 0.509 0.080 0.325   -1.0
0.284 0.305 0.607 0.729   -1.0
0.535 0.679 0.582 0.580   1.0
0.437 0.968 0.526 0.130   1.0
0.376 0.590 0.999 0.375   1.0
0.920 0.926 0.203 0.287   1.0
0.101 0.687 0.132 0.181   -1.0
0.840 0.464 0.317 0.448   1.0
0.081 0.983 0.872 0.663   1.0
0.021 0.101 0.531 0.547   -1.0
0.847 0.923 0.821 0.846   1.0
0.213 0.766 0.225 0.417   -1.0
0.848 0.518 0.740 0.981   1.0
0.752 0.821 0.163 0.069   -1.0
0.356 0.150 0.252 0.229   -1.0
0.815 0.250 0.913 0.346   1.0
0.144 0.193 0.721 0.964   1.0
0.019 0.178 0.805 0.244   -1.0
0.858 0.092 0.112 0.598   -1.0
0.811 0.350 0.894 0.974   1.0
0.162 0.331 0.569 0.414   -1.0
0.381 0.229 0.810 0.295   -1.0
0.607 0.438 0.767 0.328   1.0
0.806 0.347 0.581 0.611   1.0
0.175 0.469 0.683 0.288   -1.0
0.756 0.099 0.418 0.649   -1.0
0.837 0.811 0.404 0.406   1.0
0.964 0.787 0.454 0.774   1.0
0.028 0.381 0.520 0.795   -1.0
0.923 0.601 0.057 0.504   1.0
0.648 0.679 0.681 0.331   -1.0*
0.749 0.086 0.066 0.167   -1.0
0.139 0.004 0.547 0.543   -1.0
0.772 0.507 0.197 0.226   -1.0
0.279 0.254 0.663 0.799   -1.0
0.372 0.722 0.651 0.429   1.0
0.863 0.077 0.905 0.544   1.0
0.872 0.293 0.495 0.938   1.0
0.230 0.077 0.464 0.777   -1.0
0.874 0.550 0.128 0.070   -1.0
0.409 0.349 0.030 0.072   -1.0
0.080 0.445 0.870 0.731   1.0
0.096 0.593 0.951 0.001   -1.0
0.360 0.873 0.431 0.854   1.0
0.891 0.085 0.888 0.355   1.0
0.509 0.229 0.412 0.636   -1.0
0.188 0.046 0.648 0.218   -1.0
0.795 0.298 0.562 0.665   1.0
0.436 0.761 0.622 0.388   1.0
0.760 0.747 0.635 0.191   1.0
0.447 0.082 0.687 0.335   -1.0
0.549 0.844 0.666 0.961   1.0
0.964 0.149 0.526 0.612   1.0
0.643 0.407 0.666 0.205   -1.0
0.694 0.642 0.833 0.317   1.0
0.596 0.076 0.777 0.231   -1.0
0.379 0.678 0.348 0.065   -1.0
0.785 0.614 0.856 0.451   1.0
0.336 0.415 0.724 0.861   1.0
0.092 0.505 0.435 0.758   -1.0
0.507 0.452 0.352 0.341   -1.0
0.381 0.936 0.845 0.158   1.0
0.112 0.537 0.845 0.460   -1.0
0.857 0.245 0.216 0.713   1.0
0.792 0.049 0.111 0.516   -1.0
0.139 0.608 0.415 0.573   -1.0
0.125 0.081 0.818 0.477   -1.0
0.587 0.859 0.358 0.432   1.0
0.526 0.543 0.553 0.370   -1.0
0.155 0.228 0.249 0.372   -1.0
0.945 0.163 0.991 0.056   1.0
0.901 0.195 0.288 0.317   -1.0
0.653 0.442 0.849 0.471   1.0
0.271 0.058 0.778 0.629   -1.0
0.795 0.154 0.033 0.348   -1.0
0.036 0.503 0.753 0.285   -1.0
0.694 0.230 0.039 0.684   -1.0
0.718 0.586 0.481 0.006   -1.0
0.249 0.659 0.344 0.098   -1.0
0.264 0.368 0.189 0.042   1.0*
0.678 0.836 0.151 0.711   1.0
0.676 0.747 0.688 0.429   1.0
0.563 0.123 0.262 0.602   -1.0
0.548 0.320 0.393 0.029   -1.0
0.295 0.277 0.985 0.640   1.0
0.116 0.904 0.743 0.305   1.0
0.740 0.983 0.782 0.892   1.0
0.966 0.568 0.442 0.654   -1.0*
0.474 0.217 0.120 0.736   -1.0
0.927 0.284 0.139 0.320   -1.0
0.465 0.615 0.590 0.450   1.0
0.965 0.566 0.159 0.708   1.0
0.104 0.449 0.853 0.886   1.0
0.548 0.852 0.908 0.989   1.0
0.905 0.463 0.723 0.025   1.0
0.542 0.952 0.483 0.680   1.0
0.796 0.145 0.887 0.386   1.0
0.142 0.351 0.160 0.301   -1.0
0.031 0.405 0.507 0.884   -1.0
0.848 0.432 0.142 0.756   1.0
0.648 0.661 0.884 0.371   1.0
0.083 0.912 0.638 0.566   1.0
0.910 0.362 0.738 0.797   1.0
0.333 0.940 0.098 0.493   -1.0
0.157 0.524 0.646 0.664   -1.0
0.937 0.511 0.840 0.079   1.0
0.261 0.727 0.929 0.146   1.0
0.615 0.229 0.010 0.253   -1.0
0.603 0.164 0.156 0.341   1.0*
0.904 0.673 0.901 0.001   1.0
0.142 0.158 0.691 0.788   -1.0
0.099 0.724 0.333 0.940   1.0
0.601 0.201 0.530 0.529   -1.0
0.627 0.144 0.575 0.637   -1.0
0.370 0.240 0.561 0.526   -1.0
0.522 0.430 0.254 0.423   -1.0
0.420 0.565 0.589 0.111   -1.0
0.411 0.210 0.077 0.744   -1.0
0.880 0.345 0.351 0.410   -1.0
0.698 0.037 0.018 0.273   -1.0
0.416 0.643 0.914 0.977   1.0
0.494 0.499 0.598 0.748   1.0
0.029 0.168 0.487 0.618   -1.0
0.840 0.029 0.490 0.917   1.0
0.640 0.798 0.118 0.991   1.0
0.992 0.688 0.245 0.010   1.0*
0.919 0.426 0.604 0.833   1.0
0.773 0.328 0.902 0.371   1.0
0.824 0.401 0.244 0.311   -1.0
0.523 0.151 0.048 0.013   -1.0
0.822 0.652 0.866 0.939   1.0
0.074 0.931 0.331 0.319   -1.0
0.293 0.238 0.367 0.897   -1.0
0.769 0.670 0.399 0.671   1.0
0.475 0.495 0.442 0.719   1.0
0.461 0.242 0.958 0.509   1.0
0.026 0.331 0.907 0.892   1.0
0.550 0.966 0.201 0.881   1.0
0.143 0.174 0.523 0.509   -1.0
0.594 0.279 0.741 0.993   -1.0*
0.782 0.468 0.446 0.224   -1.0
0.252 0.685 0.428 0.210   -1.0
0.683 0.236 0.525 0.590   1.0
0.795 0.139 0.094 0.996   1.0
0.379 0.139 0.194 0.901   -1.0
0.265 0.496 0.927 0.006   -1.0
0.877 0.788 0.957 0.323   1.0
0.144 0.575 0.696 0.573   -1.0
0.890 0.255 0.021 0.415   -1.0
0.149 0.209 0.984 0.243   -1.0
0.004 0.621 0.345 0.198   -1.0
0.993 0.463 0.018 0.920   1.0
0.507 0.798 0.257 0.465   1.0
0.268 0.609 0.696 0.965   1.0
0.481 0.855 0.437 0.502   1.0
0.282 0.650 0.479 0.266   -1.0
0.685 0.270 0.515 0.029   -1.0
0.038 0.022 0.932 0.056   -1.0
0.401 0.563 0.740 0.657   1.0
0.861 0.926 0.637 0.557   1.0
0.818 0.038 0.745 0.255   -1.0
0.015 0.537 0.190 0.494   -1.0
0.083 0.178 0.072 0.598   -1.0
0.541 0.636 0.230 0.472   -1.0
0.173 0.873 0.255 0.913   1.0
0.283 0.775 0.456 0.920   1.0
0.346 0.739 0.369 0.091   1.0*
0.909 0.106 0.530 0.098   -1.0
0.333 0.182 0.778 0.405   -1.0
0.986 0.945 0.415 0.217   1.0
0.107 0.389 0.290 0.362   -1.0
0.820 0.645 0.078 0.276   -1.0
0.409 0.622 0.304 0.779   1.0
0.297 0.687 0.820 0.828   1.0
0.420 0.161 0.967 0.198   -1.0
0.747 0.184 0.511 0.162   -1.0
0.928 0.268 0.790 0.219   1.0
0.093 0.039 0.275 0.171   -1.0
0.840 0.580 0.937 0.143   1.0
0.651 0.441 0.046 0.471   -1.0
0.832 0.890 0.429 0.799   1.0
0.995 0.546 0.273 0.505   1.0
0.674 0.434 0.976 0.464   1.0
0.605 0.557 0.691 0.880   1.0
0.006 0.720 0.308 0.943   -1.0
0.666 0.594 0.304 0.712   1.0
0.572 0.544 0.955 0.001   1.0
0.044 0.996 0.889 0.316   1.0
0.596 0.990 0.935 0.572   1.0
0.588 0.177 0.011 0.279   -1.0
0.739 0.285 0.777 0.047   -1.0
0.640 0.714 0.823 0.943   1.0
0.887 0.515 0.970 0.842   1.0
0.313 0.886 0.513 0.202   -1.0
0.014 0.798 0.192 0.949   -1.0
0.647 0.537 0.547 0.658   1.0
0.604 0.397 0.102 0.380   -1.0
0.330 0.020 0.158 0.153   1.0*
0.584 0.040 0.478 0.554   -1.0
0.995 0.867 0.769 0.507   1.0
0.971 0.521 0.867 0.164   1.0
0.236 0.810 0.008 0.783   -1.0
0.824 0.387 0.866 0.925   1.0
0.310 0.256 0.787 0.469   -1.0
0.750 0.053 0.449 0.229   -1.0
0.332 0.224 0.474 0.101   -1.0
0.543 0.072 0.253 0.410   -1.0
0.723 0.646 0.046 0.731   1.0
0.514 0.555 0.815 0.380   1.0
0.583 0.690 0.736 0.370   1.0
0.144 0.120 0.211 0.593   -1.0
0.818 0.925 0.572 0.293   1.0
0.303 0.836 0.097 0.556   -1.0
0.333 0.279 0.891 0.378   -1.0
0.320 0.893 0.565 0.136   -1.0
0.045 0.718 0.963 0.781   1.0
0.121 0.925 0.208 0.333   -1.0
0.556 0.151 0.444 0.129   -1.0
0.469 0.432 0.279 0.567   1.0*
0.525 0.899 0.267 0.416   1.0
0.277 0.736 0.171 0.842   1.0
0.443 0.887 0.590 0.406   1.0
0.678 0.527 0.594 0.886   1.0
0.112 0.442 0.011 0.556   -1.0
0.454 0.026 0.003 0.734   -1.0
0.991 0.258 0.492 0.258   -1.0
0.770 0.535 0.411 0.940   1.0
0.283 0.383 0.264 0.873   -1.0
0.932 0.552 0.316 0.526   1.0
0.175 0.638 0.880 0.186   -1.0
0.450 0.640 0.220 0.453   -1.0
0.812 0.444 0.632 0.304   1.0
0.307 0.074 0.236 0.718   -1.0
0.613 0.001 0.397 0.877   -1.0
0.186 0.809 0.426 0.502   -1.0
0.863 0.677 0.973 0.743   1.0
0.168 0.193 0.503 0.388   -1.0
0.877 0.200 0.090 0.509   -1.0
0.791 0.816 0.578 0.027   1.0
0.592 0.640 0.535 0.989   1.0
0.409 0.175 0.326 0.835   -1.0
0.661 0.699 0.354 0.634   1.0
0.217 0.802 0.635 0.720   1.0
0.282 0.596 0.389 0.372   -1.0
0.894 0.163 0.921 0.472   1.0
0.455 0.064 0.831 0.989   1.0
0.348 0.398 0.229 0.674   -1.0
0.906 0.335 0.932 0.260   -1.0*
0.374 0.476 0.771 0.009   -1.0
0.961 0.290 0.792 0.350   1.0
0.897 0.244 0.825 0.818   1.0
0.016 0.273 0.779 0.847   -1.0
0.832 0.195 0.660 0.061   -1.0
0.894 0.966 0.204 0.826   1.0
0.173 0.200 0.702 0.945   1.0
0.898 0.905 0.499 0.690   1.0
0.161 0.588 0.499 0.986   1.0
0.214 0.002 0.679 0.993   -1.0
0.941 0.825 0.043 0.601   1.0
0.912 0.495 0.853 0.116   1.0
0.079 0.289 0.521 0.781   -1.0
0.729 0.679 0.139 0.228   -1.0
0.394 0.389 0.957 0.893   1.0
0.362 0.107 0.378 0.041   -1.0
0.227 0.982 0.926 0.270   1.0
0.812 0.182 0.079 0.665   -1.0
0.400 0.743 0.587 0.921   1.0
0.821 0.651 0.203 0.960   1.0
0.572 0.354 0.268 0.529   -1.0
0.644 0.891 0.354 0.022   -1.0
0.455 0.248 0.915 0.381   -1.0
0.498 0.193 0.700 0.577   -1.0
0.998 0.978 0.601 0.585   1.0
0.125 0.406 0.550 0.328   -1.0
0.429 0.900 0.720 0.697   1.0
0.968 0.340 0.320 0.322   -1.0
0.252 0.777 0.610 0.167   -1.0
0.128 0.665 0.350 0.828   -1.0
0.208 0.826 0.220 0.808   1.0
0.119 0.934 0.817 0.669   1.0
0.183 0.097 0.162 0.904   -1.0
0.591 0.871 0.134 0.911   1.0
0.496 0.163 0.970 0.106   -1.0
0.128 0.235 0.994 0.478   -1.0
0.237 0.686 0.889 0.457   1.0
0.300 0.576 0.428 0.117   -1.0
0.689 0.301 0.343 0.851   1.0
0.137 0.442 0.076 0.271   -1.0
0.269 0.767 0.516 0.240   -1.0
0.845 0.368 0.108 0.839   1.0
0.171 0.076 0.531 0.060   -1.0
0.025 0.360 0.109 0.453   -1.0
0.354 0.143 0.778 0.697   1.0*
0.983 0.833 0.436 0.059   1.0
0.789 0.328 0.872 0.305   1.0
0.745 0.150 0.935 0.854   -1.0*
0.781 0.025 0.065 0.312   -1.0
0.598 0.338 0.445 0.707   1.0
0.923 0.061 0.933 0.701   1.0
0.927 0.683 0.591 0.363   1.0
0.695 0.152 0.070 0.567   -1.0
0.638 0.313 0.607 0.573   1.0
0.596 0.354 0.192 0.661   -1.0
0.277 0.260 0.004 0.723   1.0*
0.795 0.645 0.028 0.728   1.0
0.786 0.655 0.029 0.378   -1.0
0.771 0.073 0.170 0.841   -1.0
0.628 0.479 0.953 0.234   1.0
0.119 0.831 0.406 0.311   -1.0
0.073 0.588 0.752 0.076   -1.0
0.719 0.871 0.956 0.747   1.0
0.302 0.533 0.254 0.331   -1.0
0.272 0.103 0.984 0.442   -1.0
0.624 0.070 0.423 0.576   -1.0
0.475 0.696 0.135 0.881   1.0
0.627 0.954 0.595 0.378   1.0
0.906 0.097 0.901 0.862   1.0
0.500 0.164 0.377 0.753   -1.0
0.288 0.025 0.597 0.271   -1.0
0.541 0.895 0.537 0.964   1.0
0.841 0.438 0.167 0.976   1.0
0.174 0.603 0.273 0.769   1.0*
0.303 0.675 0.078 0.204   -1.0
0.921 0.704 0.700 0.298   1.0
0.195 0.586 0.482 0.792   1.0
0.950 0.333 0.753 0.487   1.0
0.224 0.328 0.736 0.392   -1.0
0.055 0.566 0.907 0.328   -1.0
0.888 0.631 0.009 0.965   1.0
0.546 0.887 0.538 0.245   1.0
0.996 0.440 0.771 0.478   1.0
0.628 0.428 0.566 0.381   1.0
0.863 0.605 0.243 0.599   -1.0*
0.547 0.654 0.563 0.454   -1.0*
0.897 0.342 0.613 0.907   1.0
0.447 0.452 0.194 0.986   1.0
0.379 0.982 0.138 0.150   -1.0
0.370 0.779 0.888 0.936   1.0
0.803 0.800 0.765 0.046   1.0
0.762 0.593 0.053 0.325   -1.0
0.035 0.222 0.389 0.647   -1.0
0.697 0.095 0.581 0.891   1.0
0.279 0.270 0.062 0.417   -1.0
0.522 0.787 0.200 0.410   -1.0
0.360 0.212 0.524 0.125   -1.0
0.922 0.887 0.852 0.975   1.0
0.899 0.009 0.434 0.289   -1.0
0.563 0.985 0.751 0.145   1.0
0.832 0.424 0.147 0.894   1.0
0.567 0.416 0.628 0.767   1.0
0.352 0.127 0.037 0.875   -1.0
0.296 0.798 0.139 0.147   -1.0
0.351 0.047 0.782 0.786   -1.0
0.439 0.349 0.321 0.190   -1.0
0.197 0.022 0.917 0.344   -1.0
0.758 0.911 0.331 0.386   1.0
0.156 0.738 0.805 0.194   -1.0
0.057 0.489 0.411 0.196   -1.0
0.184 0.547 0.683 0.966   1.0
0.019 0.405 0.682 0.339   -1.0
0.176 0.536 0.617 0.093   -1.0
0.532 0.851 0.791 0.864   1.0
0.469 0.020 0.974 0.274   -1.0
0.587 0.331 0.703 0.998   1.0
0.339 0.181 0.075 0.023   -1.0
0.408 0.041 0.552 0.090   -1.0
0.147 0.265 0.917 0.764   1.0
0.797 0.296 0.209 0.588   -1.0
0.445 0.057 0.179 0.419   -1.0
0.393 0.006 0.663 0.095   -1.0
0.191 0.435 0.185 0.265   -1.0
0.332 0.673 0.499 0.884   1.0
0.879 0.031 0.028 0.796   -1.0
0.386 0.593 0.091 0.594   -1.0
0.250 0.039 0.238 0.429   -1.0
0.570 0.822 0.464 0.233   1.0
0.468 0.424 0.352 0.653   -1.0
0.809 0.985 0.363 0.308   1.0
0.125 0.187 0.901 0.153   1.0*
0.696 0.539 0.576 0.786   1.0
0.757 0.037 0.172 0.995   -1.0
0.630 0.565 0.288 0.094   -1.0
0.205 0.562 0.223 0.556   -1.0
0.913 0.366 0.200 0.275   -1.0
0.070 0.401 0.861 0.971   1.0
0.844 0.667 0.093 0.420   1.0
0.226 0.177 0.490 0.398   -1.0
0.956 0.029 0.738 0.243   -1.0
0.537 0.448 0.685 0.760   1.0
0.900 0.673 0.370 0.100   1.0
0.044 0.171 0.349 0.905   -1.0
0.902 0.749 0.809 0.995   1.0
0.262 0.221 0.346 0.752   -1.0
0.518 0.708 0.647 0.256   -1.0*
0.770 0.793 0.399 0.456   1.0
0.403 0.356 0.225 0.774   -1.0
0.173 0.817 0.627 0.522   1.0
0.769 0.424 0.471 0.577   1.0
0.640 0.839 0.639 0.986   1.0
0.258 0.504 0.299 0.906   -1.0
0.250 0.676 0.553 0.649   1.0
0.105 0.053 0.488 0.330   -1.0
0.944 0.504 0.644 0.571   1.0
0.366 0.339 0.449 0.837   -1.0
0.868 0.477 0.756 0.507   1.0
0.348 0.766 0.966 0.647   1.0
0.726 0.897 0.347 0.279   1.0
0.479 0.384 0.599 0.967   1.0
0.425 0.911 0.218 0.069   -1.0
0.243 0.435 0.820 0.692   1.0
0.737 0.560 0.748 0.493   1.0
0.210 0.840 0.833 0.177   1.0
0.504 0.902 0.384 0.851   1.0
0.931 0.331 0.565 0.530   1.0
0.279 0.955 0.208 0.497   -1.0
0.689 0.740 0.459 0.509   1.0
0.730 0.246 0.991 0.479   1.0
0.058 0.689 0.580 0.891   1.0
0.067 0.395 0.768 0.451   -1.0
0.949 0.382 0.577 0.514   1.0
0.874 0.793 0.866 0.082   1.0
0.890 0.771 0.029 0.349   1.0
0.461 0.080 0.527 0.452   -1.0
0.266 0.511 0.248 0.845   -1.0
0.113 0.912 0.797 0.882   1.0
0.043 0.831 0.745 0.619   1.0
0.656 0.493 0.138 0.522   -1.0
0.427 0.413 0.346 0.457   -1.0
0.627 0.918 0.842 0.153   1.0
0.400 0.419 0.881 0.647   1.0
0.283 0.761 0.177 0.079   -1.0
0.540 0.122 0.473 0.285   -1.0
0.818 0.941 0.235 0.955   1.0
0.810 0.382 0.876 0.156   1.0
0.638 0.783 0.757 0.479   1.0
0.127 0.879 0.356 0.008   -1.0
0.620 0.291 0.287 0.797   -1.0
0.930 0.337 0.493 0.403   1.0
0.234 0.220 0.562 0.469   -1.0
0.025 0.279 0.558 0.901   -1.0
0.397 0.539 0.218 0.154   -1.0
0.154 0.282 0.898 0.509   -1.0
0.424 0.130 0.581 0.712   -1.0
0.952 0.642 0.264 0.444   1.0
0.886 0.678 0.265 0.448   1.0
0.440 0.473 0.425 0.998   1.0
0.860 0.396 0.914 0.078   1.0
0.932 0.231 0.832 0.830   1.0
0.122 0.254 0.871 0.703   1.0*
0.798 0.655 0.607 0.062   1.0
0.651 0.948 0.777 0.916   1.0
0.924 0.356 0.869 0.350   1.0
0.244 0.210 0.750 0.157   -1.0
0.300 0.089 0.519 0.132   -1.0
0.260 0.254 0.173 0.131   1.0*
0.139 0.929 0.611 0.746   -1.0*
0.710 0.397 0.938 0.488   1.0
0.334 0.412 0.669 0.203   -1.0
0.024 0.446 0.972 0.774   1.0
0.260 0.074 0.693 0.779   -1.0
0.612 0.039 0.459 0.785   -1.0
0.416 0.924 0.098 0.027   -1.0
0.089 0.738 0.066 0.027   -1.0
0.379 0.361 0.638 0.049   -1.0
0.400 0.072 0.010 0.372   -1.0
0.614 0.632 0.921 0.307   1.0
0.127 0.919 0.450 0.586   1.0
0.620 0.002 0.627 0.719   -1.0
0.297 0.808 0.767 0.363   1.0
0.993 0.742 0.196 0.631   1.0
0.759 0.031 0.863 0.769   1.0
0.709 0.383 0.035 0.630   -1.0
0.447 0.757 0.608 0.897   1.0
0.312 0.517 0.345 0.939   1.0
0.375 0.236 0.044 0.142   -1.0
0.879 0.134 0.340 0.074   -1.0
0.131 0.834 0.796 0.994   1.0
0.199 0.703 0.985 0.234   1.0
0.674 0.681 0.090 0.282   -1.0
0.433 0.594 0.095 0.778   -1.0
0.331 0.153 0.769 0.375   -1.0
0.368 0.254 0.429 0.708   -1.0
0.194 0.839 0.162 0.990   1.0
0.764 0.189 0.535 0.749   1.0
0.869 0.424 0.104 0.959   1.0
0.682 0.392 0.301 0.777   1.0
0.834 0.108 0.324 0.603   -1.0
0.619 0.971 0.737 0.048   1.0
0.065 0.242 0.517 0.227   -1.0
0.350 0.991 0.421 0.885   1.0
0.844 0.754 0.164 0.948   1.0
0.870 0.630 0.105 0.171   -1.0
0.276 0.005 0.515 0.600   -1.0
0.998 0.219 0.579 0.735   1.0
0.258 0.800 0.509 0.775   1.0
0.741 0.125 0.017 0.163   -1.0
0.757 0.007 0.764 0.921   -1.0*
0.477 0.792 0.585 0.582   -1.0*
0.992 0.858 0.967 0.506   1.0
0.576 0.504 0.677 0.155   -1.0
0.943 0.413 0.039 0.452   -1.0
0.065 0.194 0.312 0.082   -1.0
0.322 0.840 0.363 0.086   -1.0
0.318 0.562 0.552 0.903   1.0
0.515 0.895 0.002 0.482   -1.0
0.460 0.058 0.906 0.137   -1.0
0.145 0.080 0.626 0.184   -1.0
0.813 0.249 0.726 0.126   -1.0
0.083 0.448 0.171 0.446   -1.0
0.932 0.764 0.096 0.485   1.0
0.240 1.000 0.562 0.243   1.0
0.964 0.703 0.540 0.869   1.0
0.753 0.014 0.920 0.379   1.0
0.453 0.192 0.447 0.179   -1.0
0.779 0.261 0.766 0.951   1.0
0.299 0.883 0.471 0.395   1.0
0.139 0.635 0.367 0.701   -1.0
0.849 0.665 0.581 0.389   1.0
0.421 0.143 0.548 0.341   -1.0
0.747 0.793 0.713 0.194   -1.0*
0.031 0.973 0.234 0.797   1.0
0.941 0.096 0.806 0.412   1.0
0.174 0.551 0.127 0.541   -1.0
0.005 0.390 0.917 0.586   -1.0
0.452 0.006 0.922 1.000   1.0
0.444 0.746 0.141 0.157   -1.0
0.113 0.188 0.913 0.347   1.0*
0.837 0.288 0.081 0.643   -1.0
0.573 0.817 0.252 0.700   1.0
0.504 0.705 0.749 0.421   1.0
0.529 0.873 0.297 0.451   1.0
0.644 0.895 0.619 0.785   1.0
0.560 0.898 0.240 0.473   1.0
0.226 0.310 0.533 0.307   1.0*
0.233 0.880 0.771 0.484   1.0
0.129 0.988 0.284 0.878   1.0
0.575 0.406 0.283 0.872   1.0
0.156 0.516 0.752 0.775   1.0
0.804 0.335 0.199 0.044   -1.0
0.443 0.270 0.118 0.976   -1.0
0.072 0.208 0.457 0.842   -1.0
0.037 0.971 0.681 0.321   1.0
0.091 0.896 0.255 0.374   -1.0
0.112 0.530 0.283 0.864   -1.0
0.584 0.668 0.640 0.783   1.0
0.448 0.226 0.982 0.566   1.0
0.559 0.638 0.410 0.016   -1.0
0.103 0.053 0.451 0.784   -1.0
0.300 0.875 0.269 0.554   -1.0
0.037 0.666 0.778 0.320   -1.0
0.083 0.904 0.199 0.723   -1.0
0.911 0.172 0.913 0.893   1.0
0.114 0.453 0.376 0.524   -1.0
0.856 0.627 0.521 0.307   1.0
0.895 0.606 0.285 0.164   -1.0
0.534 0.201 0.827 0.312   -1.0
0.358 0.396 0.426 0.556   -1.0
0.113 0.467 0.291 0.026   -1.0
0.029 0.140 0.813 0.405   -1.0
0.282 0.261 0.290 0.803   -1.0
0.701 0.698 0.174 0.986   1.0
0.335 0.520 0.064 0.162   -1.0
0.586 0.520 0.228 0.012   -1.0
0.347 0.125 0.543 0.638   -1.0
0.904 0.667 0.290 0.717   1.0
0.954 0.998 0.332 0.245   1.0
0.900 0.946 0.499 0.074   1.0
0.362 0.408 0.452 0.425   -1.0
0.284 0.011 0.090 0.512   -1.0
0.166 0.860 0.147 0.709   -1.0
0.298 0.613 0.165 0.588   -1.0
0.237 0.542 0.328 0.569   -1.0
0.130 0.468 0.733 0.629   -1.0
0.665 0.990 0.950 0.116   1.0
0.521 0.401 0.426 0.611   -1.0
0.449 0.777 0.773 0.596   1.0
0.271 0.894 0.099 0.436   -1.0
0.428 0.673 0.025 0.756   -1.0
0.812 0.886 0.710 0.544   1.0
0.252 0.209 0.505 0.202   -1.0
0.921 0.723 0.726 0.347   1.0
0.639 0.796 0.111 0.412   -1.0
0.597 0.682 0.286 0.695   1.0
0.768 0.124 0.791 0.792   1.0
0.032 0.604 0.766 0.742   1.0
0.281 0.994 0.357 0.786   1.0
0.683 0.707 0.919 0.408   1.0
0.253 0.047 0.850 0.364   -1.0
0.242 0.960 0.142 0.527   -1.0
0.260 0.295 0.779 0.051   -1.0
0.659 0.083 0.691 0.425   -1.0
0.839 0.706 0.819 0.196   1.0
0.015 0.879 0.200 0.935   1.0
0.254 0.188 0.335 0.104   -1.0
0.794 0.346 0.512 0.935   1.0
0.168 0.195 0.167 0.947   -1.0
0.254 0.606 0.329 0.945   1.0
0.154 0.784 0.738 0.973   -1.0*
0.231 0.988 0.859 0.430   1.0
0.146 0.684 0.111 0.480   -1.0
0.662 0.274 0.134 0.174   -1.0
0.006 0.342 0.404 0.174   -1.0
0.650 0.428 0.895 0.978   1.0
0.927 0.132 0.157 0.665   -1.0
0.137 0.895 0.093 0.996   1.0
0.016 0.142 0.010 0.126   -1.0
0.798 0.789 0.896 0.932   -1.0*
0.105 0.938 0.305 0.510   -1.0
0.594 0.159 0.540 0.490   -1.0
0.913 0.416 0.270 0.070   -1.0
0.375 0.207 0.976 0.468   1.0
0.302 0.484 0.345 0.311   -1.0
0.967 0.109 0.399 0.863   1.0
0.363 0.968 0.979 0.668   1.0
0.091 0.263 0.637 0.630   -1.0
0.775 0.544 0.168 0.045   -1.0
0.249 0.420 0.821 0.225   -1.0
0.024 0.527 0.372 0.369   -1.0
0.982 0.336 0.947 0.382   1.0
0.988 0.744 0.167 0.967   1.0
0.645 0.058 0.675 0.283   -1.0
0.427 0.058 0.232 0.595   -1.0
0.845 0.844 0.524 0.666   1.0
0.412 0.690 0.596 0.784   1.0
0.434 0.767 0.395 0.382   -1.0
0.593 0.370 0.893 0.760   1.0
0.305 0.406 0.395 0.980   1.0
0.083 0.407 0.746 0.315   -1.0
0.849 0.160 0.846 0.373   1.0
0.916 0.785 0.517 0.512   1.0
0.576 0.946 0.336 0.971   1.0
0.484 0.564 0.697 0.376   1.0
0.034 0.681 0.730 0.429   -1.0
0.418 0.512 0.068 0.164   -1.0
0.069 0.014 0.986 0.916   -1.0
0.813 0.831 0.172 0.329   1.0
0.741 0.906 0.289 0.076   1.0
0.616 0.560 0.441 0.313   -1.0
0.765 0.347 0.618 0.496   1.0
0.279 0.914 0.288 0.346   -1.0
0.114 0.416 0.092 0.100   -1.0
0.479 0.912 0.163 0.651   1.0
0.505 0.392 0.147 0.794   -1.0
0.024 0.410 0.028 0.465   -1.0
0.965 0.230 0.071 0.583   -1.0
0.847 0.862 0.640 0.134   1.0
0.718 0.248 0.624 0.810   1.0
0.955 0.290 0.260 0.118   -1.0
0.502 0.623 0.332 0.649   1.0
0.800 0.673 0.827 0.828   1.0
0.551 0.793 0.368 0.621   1.0
0.093 0.468 0.238 0.733   -1.0
0.446 0.451 0.850 0.070   -1.0
0.198 0.025 0.551 0.458   -1.0
0.492 0.960 0.766 0.824   1.0
0.183 0.624 0.282 0.010   -1.0
0.420 0.561 0.245 0.788   1.0
0.621 0.881 0.650 0.859   1.0
0.253 0.304 0.065 0.103   -1.0
0.327 0.300 0.399 0.878   -1.0
0.541 0.370 0.717 0.307   -1.0
0.326 0.490 0.817 0.609   1.0
0.269 0.029 0.062 0.514   -1.0
0.244 0.135 0.698 0.894   1.0*
0.312 0.147 0.298 0.377   -1.0
0.672 0.704 0.550 0.070   -1.0
0.308 0.612 0.952 0.025   -1.0
0.145 0.351 0.409 0.962   1.0*
0.909 0.231 0.989 0.971   1.0
0.805 0.215 0.880 0.503   1.0
0.874 0.815 0.256 0.171   1.0
0.506 0.843 0.896 0.055   1.0
0.478 0.363 0.525 0.430   -1.0
0.444 0.575 0.740 0.853   1.0
0.700 0.762 0.767 0.688   1.0
0.512 0.493 0.947 0.392   -1.0*
0.056 0.265 0.811 0.313   -1.0
0.003 0.818 0.280 0.899   1.0
0.194 0.377 0.237 0.719   -1.0
0.625 0.163 0.382 0.365   -1.0
0.918 0.064 0.777 0.685   1.0
0.509 0.197 0.245 0.456   -1.0
0.241 0.513 0.854 0.052   -1.0
0.290 0.055 0.644 0.570   1.0*
0.518 0.764 0.332 0.755   1.0
0.139 0.380 0.645 0.521   -1.0
0.660 0.439 0.809 0.437   1.0
0.561 0.946 0.320 0.807   1.0
0.909 0.048 0.915 0.762   1.0
0.740 0.053 0.155 0.384   -1.0
0.109 0.902 0.387 0.441   -1.0
0.869 0.580 0.036 0.514   -1.0
0.780 0.175 0.539 0.589   1.0
0.663 0.150 0.557 0.983   -1.0*
0.960 0.892 0.005 0.875   1.0
0.105 0.615 0.707 0.260   1.0*
0.330 0.369 0.900 0.717   1.0
0.557 0.586 0.389 0.592   1.0
0.489 0.373 0.275 0.028   1.0*
0.887 0.690 0.112 0.444   1.0
0.069 0.404 0.565 0.074   -1.0
0.219 0.179 0.893 0.926   1.0
0.892 0.256 0.807 0.792   -1.0*
0.617 0.349 0.560 0.006   -1.0
0.661 0.495 0.314 0.936   1.0
0.276 0.822 0.213 0.388   -1.0
0.887 0.457 0.670 0.452   1.0
0.948 0.671 0.710 0.841   1.0
0.148 0.733 0.854 0.955   1.0
0.827 0.572 0.874 0.387   1.0
0.816 0.048 0.072 0.130   1.0*
0.595 0.406 0.806 0.808   1.0
0.072 0.694 0.251 0.742   -1.0
0.782 0.690 0.817 0.492   1.0
0.415 0.640 0.264 0.268   -1.0
0.790 0.096 0.168 0.664   -1.0
0.745 0.480 0.531 0.817   1.0
0.514 0.412 0.015 0.320   -1.0
0.809 0.392 0.914 0.060   1.0
0.060 0.843 0.824 0.877   1.0
0.355 0.291 0.975 0.619   1.0
0.571 0.409 0.656 0.739   1.0
0.139 0.484 0.552 0.669   -1.0
0.162 0.183 0.713 0.177   -1.0
0.932 0.986 0.895 0.846   1.0
0.029 0.906 0.889 0.853   1.0
0.224 0.208 0.074 0.199   -1.0
0.634 0.770 0.236 0.290   -1.0
0.308 0.429 0.993 0.861   1.0
0.294 0.023 0.281 0.006   -1.0
0.785 0.939 0.185 0.680   1.0
0.232 0.709 0.691 0.120   -1.0
0.474 0.344 0.770 0.548   1.0
0.597 0.183 0.313 0.833   -1.0
0.822 0.141 0.901 0.815   1.0
0.999 0.108 0.025 0.281   -1.0
0.224 0.065 0.053 0.409   -1.0
0.838 0.641 0.454 0.529   1.0
0.016 0.003 0.106 0.786   -1.0
0.649 0.383 0.735 0.962   1.0
0.207 0.785 0.357 0.109   -1.0
0.359 0.108 0.708 0.384   -1.0
0.822 0.608 0.454 0.876   1.0
0.199 0.714 0.658 0.654   1.0
0.420 0.670 0.247 0.525   -1.0
0.799 0.174 0.840 0.534   1.0
0.056 0.741 0.921 0.413   1.0
0.521 0.772 0.957 0.229   1.0
0.346 0.051 0.763 0.800   -1.0
0.781 0.999 0.641 0.439   1.0
0.885 0.859 0.323 0.132   1.0
0.780 0.931 0.559 0.619   1.0
0.696 0.675 0.206 0.617   1.0
0.056 0.138 0.860 0.013   -1.0
0.015 0.359 0.418 0.779   -1.0
0.344 0.559 0.158 0.986   -1.0*
0.811 0.870 0.857 0.134   1.0
0.242 0.914 0.934 0.800   1.0
0.398 0.496 0.208 0.604   -1.0
0.296 0.660 0.251 0.155   -1.0
0.617 0.171 0.032 0.035   -1.0
0.191 0.379 0.509 0.349   -1.0
0.507 0.160 0.235 0.365   -1.0
0.238 0.606 0.208 0.171   -1.0
0.741 0.569 0.902 0.949   1.0
0.015 0.245 0.834 0.266   -1.0
0.507 0.883 0.571 0.539   1.0
0.521 0.731 0.296 0.030   -1.0
0.661 0.537 0.241 0.896   1.0
0.535 0.133 0.508 0.744   -1.0
0.915 0.485 0.874 0.817   1.0
0.048 0.832 0.680 0.882   1.0
0.080 0.389 0.980 0.652   1.0
0.897 0.173 0.659 0.193   -1.0
0.739 0.854 0.740 0.980   1.0
0.642 0.516 0.883 0.150   1.0
0.188 0.065 0.744 0.062   -1.0
0.178 0.110 0.715 0.858   1.0*
0.812 0.938 0.380 0.792   1.0
0.309 0.690 0.762 0.968   1.0
0.965 0.707 0.737 0.704   1.0
0.487 0.346 0.203 0.370   -1.0
0.462 0.558 0.562 0.206   -1.0
0.445 0.385 0.729 0.159   -1.0
0.721 0.971 0.181 0.101   -1.0
0.770 0.410 0.453 0.533   1.0
0.336 0.497 0.085 0.073   -1.0
0.772 0.560 0.548 0.975   1.0
0.045 0.437 0.487 0.607   -1.0
0.107 0.052 0.028 0.836   -1.0
0.270 0.557 0.182 0.451   -1.0
0.946 0.221 0.068 0.399   -1.0
0.445 0.735 0.252 0.530   -1.0
0.453 0.302 0.367 0.002   -1.0
0.297 0.047 0.714 0.784   -1.0
0.358 0.891 0.706 0.386   1.0
0.917 0.656 0.284 0.099   -1.0
0.942 0.045 0.329 0.010   -1.0
0.083 0.455 0.179 0.334   1.0*
0.987 0.788 0.287 0.355   1.0
0.564 0.652 0.837 0.278   1.0
0.491 0.636 0.327 0.197   -1.0
0.054 0.114 0.678 0.339   -1.0
0.786 0.281 0.259 0.114   -1.0
0.703 0.197 0.746 0.883   1.0
0.731 0.870 0.320 0.018   -1.0
0.109 0.582 0.876 0.946   1.0
0.312 0.437 0.496 0.639   -1.0
0.518 0.693 0.748 0.197   1.0
0.962 0.983 0.313 0.221   1.0
0.604 0.924 0.294 0.351   1.0
0.826 0.081 0.677 0.146   -1.0
0.902 0.255 0.681 0.779   1.0
0.540 0.091 0.638 0.037   -1.0
0.272 0.555 0.423 0.020   -1.0
0.455 0.982 0.734 0.768   1.0
0.831 0.373 0.127 0.126   -1.0
0.934 0.952 0.805 0.612   1.0
0.904 0.514 0.353 0.584   1.0
0.554 0.125 0.383 0.192   -1.0
0.113 0.464 0.717 0.536   -1.0
0.469 0.991 0.467 0.203   1.0
0.670 0.035 0.132 0.797   -1.0
0.855 0.731 0.112 0.660   1.0
0.210 0.564 0.857 0.562   1.0
0.150 0.116 0.273 0.533   -1.0
0.434 0.645 0.773 0.151   1.0
0.257 0.619 0.172 0.724   -1.0
0.931 0.394 0.857 0.063   1.0
0.017 0.918 0.922 0.129   -1.0
0.265 0.339 0.141 0.123   -1.0
0.289 0.272 0.018 0.562   -1.0
0.327 0.996 0.450 0.100   -1.0
0.631 0.357 0.766 0.803   1.0
0.589 0.734 0.475 0.446   1.0
0.666 0.463 0.714 0.588   1.0
0.292 0.853 0.932 0.433   -1.0*
0.833 0.723 0.248 0.851   1.0
0.053 0.178 0.280 0.503   -1.0
0.427 0.135 0.635 0.193   -1.0
0.716 0.782 0.672 0.191   1.0
0.468 0.857 0.691 0.183   1.0
0.284 0.475 0.299 0.216   -1.0
0.275 0.049 0.631 0.523   -1.0
0.916 0.576 0.079 0.196   -1.0
0.357 0.623 0.214 0.992   1.0
0.151 0.708 0.598 0.823   1.0
0.826 0.292 0.756 0.517   1.0
0.201 0.801 0.950 0.500   1.0
0.858 0.775 0.066 0.489   1.0
0.966 0.405 0.874 0.045   1.0
0.953 0.402 0.224 0.167   -1.0
0.040 0.318 0.101 0.638   -1.0
0.000 0.464 0.433 0.756   1.0*
0.908 0.958 0.782 0.857   1.0
0.799 0.716 0.233 0.865   1.0
0.531 0.831 0.610 0.405   1.0
0.210 0.358 0.278 0.434   -1.0
0.671 0.474 0.842 0.772   1.0
0.984 0.773 0.575 0.417   1.0
0.556 0.324 0.487 0.339   -1.0
0.945 0.137 0.897 0.178   1.0
0.102 0.709 0.833 0.712   1.0
0.709 0.922 0.471 0.987   1.0
0.996 0.658 0.830 0.838   1.0
0.942 0.822 0.203 0.517   1.0
0.732 0.074 0.563 0.219   -1.0
0.744 0.164 0.550 0.641   1.0
0.551 0.743 0.051 0.384   -1.0
0.164 0.093 0.377 0.636   -1.0
0.734 0.631 0.737 0.564   1.0
0.168 0.506 0.291 0.371   -1.0
0.529 0.103 0.097 0.091   -1.0
0.509 0.836 0.485 0.059   -1.0
0.827 0.610 0.220 0.877   -1.0*
0.675 0.041 0.087 0.053   -1.0
0.166 0.787 0.308 0.903   1.0
0.777 0.071 0.857 0.068   -1.0
0.880 0.597 0.545 0.977   1.0
0.866 0.486 0.524 0.351   1.0
0.001 0.178 0.155 0.221   -1.0
0.150 0.896 0.097 0.236   -1.0
0.774 0.402 0.736 0.082   -1.0
0.087 0.859 0.377 0.944   1.0
0.819 0.824 0.524 0.364   1.0
0.212 0.230 0.287 0.736   -1.0
0.832 0.737 0.760 0.988   -1.0*
0.815 0.137 0.854 0.912   1.0
0.804 0.685 0.776 0.540   1.0
0.082 0.627 0.627 0.459   -1.0
0.554 0.278 0.394 0.078   -1.0
0.195 0.291 0.872 0.482   -1.0
0.454 0.315 0.763 0.213   -1.0
0.721 0.028 0.440 0.575   -1.0
0.814 0.379 0.626 0.590   1.0
0.393 0.673 0.545 0.020   -1.0
0.116 0.574 0.410 0.510   -1.0
0.052 0.706 0.943 0.925   1.0
0.969 0.378 0.503 0.733   1.0
0.806 0.454 0.620 0.246   1.0
0.560 0.060 0.408 0.186   -1.0
0.327 0.579 0.323 0.872   1.0
0.455 0.988 0.173 0.866   1.0
0.825 0.918 0.204 0.768   1.0
0.392 0.737 0.221 0.896   1.0
0.813 0.702 0.924 0.433   1.0
0.953 0.994 0.008 0.361   1.0
0.659 0.688 0.758 0.983   1.0
0.357 0.438 0.548 0.530   -1.0
0.047 0.355 0.222 0.251   -1.0
0.065 0.643 0.860 0.286   -1.0
0.330 0.099 0.240 0.254   -1.0
0.188 0.208 0.527 0.196   -1.0
0.706 0.856 0.257 0.464   1.0
0.817 0.821 0.276 0.365   1.0
0.580 0.412 0.706 0.802   1.0
0.829 0.866 0.306 0.689   1.0
0.845 0.020 0.252 0.085   -1.0
0.785 0.273 0.482 0.311   -1.0
0.051 0.017 0.326 0.308   -1.0
0.164 0.125 0.303 0.440   -1.0
0.655 0.020 0.901 0.361   -1.0
0.564 0.190 0.688 0.870   1.0
0.840 0.715 0.898 0.092   1.0
0.172 0.877 0.074 0.654   -1.0
0.544 0.705 0.206 0.869   1.0
0.688 0.033 0.137 0.991   -1.0
0.626 0.645 0.492 0.528   1.0
0.314 0.092 0.196 0.002   1.0*
0.075 0.842 0.677 0.973   1.0
0.477 0.145 0.812 0.551   -1.0
